5
33 7 5
231 -1 1 35 1 1 1
227 -1 1 1 1 -1 35
227 -1 1 1 1 1 -1
227 -1 1 1 230 1 1
227 -1 1 1 1 173 -1
227 -1 1 1 1 1 1
227 -1 1 1 1 32 1
227 -1 1 39 -1 1 1
227 -1 2 1 1 1 1
227 -1 1 1 1 157 107
227 -1 -1 1 -1 1 1
230 -1 1 -1 1 8 1
227 -1 1 1 -1 1 1
227 -1 -1 1 108 -1 1
227 -1 1 1 1 1 1
227 -1 1 1 1 1 1
227 -1 58 1 -1 1 152
227 -1 1 1 -1 1 1
227 -1 1 1 1 1 1
227 -1 1 1 1 86 1
227 -1 94 1 1 -1 169
227 -1 -1 1 1 46 1
229 -1 159 1 1 1 1
227 -1 1 1 1 1 160
227 -1 1 1 86 1 1
227 -1 1 111 1 1 1
227 -1 1 1 1 1 83
227 -1 1 1 1 1 1
227 -1 1 77 1 1 1
227 -1 1 1 1 1 166
227 -1 1 126 43 1 1
227 -1 1 -1 1 1 1
228 -1 1 1 1 1 1
2 978970 520602 901015 171051 449069 927861
2 741339 110397 541320 73133 594316 180785
2 871381 528285 750591 951716 75971 276479
3 882083 698804 448691 797907 393668 145939
4 746900 897551 966166 31960 397265 107234
2 569620 74163 250282 119347 80231 37683
3 83864 400019 243183 147785 368067 87382
2 773061 499799 57235 840774 329421 399822
3 68894 540152 10852 489629 872592 913852
3 343683 627477 184948 817256 983159 204854
2 740784 236763 236384 26844 918222 452031
0 227737 186004 70340 835631 9259 293263
0 44425 651829 815215 606385 930306 256005
4 715262 454464 86366 999900 682637 737812
0 30406 563111 180398 54539 711337 805451
3 49463 314180 193194 865724 378523 295330
4 345805 212248 453452 684086 662875 196746
0 151059 409518 334095 631813 764091 656184
3 553202 847771 291430 676649 800040 817613
4 189880 345273 101721 890420 697453 671318
1 582372 69228 333531 826490 556313 232435
4 174580 275285 652415 781502 703698 267873
3 504174 823037 374461 895419 352539 621568
3 391355 575747 599919 439156 940006 131752
0 472602 312473 664188 692887 470756 724545
2 887328 955872 272336 262771 566595 93597
1 421324 911584 506601 149361 539915 688833
3 995959 154883 13104 687767 163087 405872
4 565620 456762 227360 328593 366688 140741
1 617691 9102 568562 683882 502838 33550
4 444698 970533 334237 777911 771629 900812
3 581144 336840 331628 617106 842619 81830
1 29528 764761 615993 853951 718418 592549
21 11 5
231 -1 1 1 1 1 -1 116 116 116 116
227 -1 1 1 1 1 -1 116 116 116 116
227 -1 1 1 1 1 -1 116 116 116 116
227 -1 1 1 1 24 -1 116 116 116 139
227 -1 -1 -1 56 1 -1 -1 -1 171 116
227 -1 -1 1 1 1 -1 -1 116 116 116
227 -1 41 1 1 -1 -1 156 116 116 -1
230 -1 1 1 -1 1 -1 116 116 -1 116
227 -1 1 -1 1 1 -1 116 -1 116 116
227 -1 10 1 1 1 -1 125 116 116 116
227 -1 58 1 1 -1 -1 173 116 116 -1
227 -1 1 1 99 1 -1 116 116 214 116
227 -1 1 1 -1 1 -1 116 116 -1 116
227 -1 -1 1 1 1 -1 -1 116 116 116
229 -1 56 -1 56 1 -1 171 -1 171 116
227 -1 1 1 113 1 -1 116 116 228 116
227 -1 -1 1 1 1 -1 -1 116 116 116
227 -1 1 1 1 70 -1 116 116 116 185
227 -1 57 1 1 1 -1 172 116 116 116
227 -1 1 1 1 1 -1 116 116 116 116
228 -1 1 1 1 1 -1 116 116 116 116
2 5337 825495 183923 985478 450502 468844 179685 187940 552909 954756
3 573254 575063 298658 381091 308425 425211 995025 74687 357531 561345
3 80469 668053 695370 789413 370614 170345 454804 123226 164235 129535
3 649787 604816 676561 780147 727773 316018 865563 415143 656197 868102
1 154946 36730 334996 691719 827325 984931 737118 139955 498772 296696
3 727092 495206 410827 715292 548298 527078 688311 434348 133574 58224
4 194556 143688 494008 848708 908942 791842 963158 676550 761402 872037
1 542367 573599 475937 336223 13027 152455 109068 769417 996514 532462
3 543468 227781 647584 496918 482221 278086 130308 96570 381913 174243
4 816376 247835 470769 155344 315093 389080 110057 930616 620222 591317
3 316458 917511 523853 321675 288965 228543 486131 505968 630893 450202
3 984845 227543 869663 813902 645895 337182 641651 253142 469667 128461
0 292111 147740 330899 838082 315012 572015 860592 787686 889820 739705
3 2539 431530 63262 600328 432135 361374 707803 139975 44295 76664
2 238457 984870 640098 644855 408970 395198 109535 383025 138484 839848
3 178184 909992 385480 953038 377579 887291 586324 334821 573494 721663
2 835572 528357 399166 139595 622774 396509 353249 129506 724010 140769
4 296416 630128 548472 270301 395591 766951 845784 424213 773207 558224
1 304225 474952 33639 511688 968873 579150 298762 978220 808251 123789
1 864304 978919 735238 422932 562672 810515 557795 944058 431368 140212
0 602774 790943 944309 882531 341260 590203 534993 464352 92517 415565
21 11 5
231 -1 1 -1 1 1 -1 116 -1 116 116
227 -1 1 1 1 1 -1 116 116 116 116
227 -1 1 42 1 1 -1 116 157 116 116
227 -1 1 1 1 1 -1 116 116 116 116
227 -1 1 1 1 1 -1 116 116 116 116
227 -1 1 1 1 1 -1 116 116 116 116
227 -1 -1 1 1 1 -1 -1 116 116 116
230 -1 1 1 1 1 -1 116 116 116 116
227 -1 1 1 100 1 -1 116 116 215 116
227 -1 -1 1 1 99 -1 -1 116 116 214
227 -1 1 1 1 1 -1 116 116 116 116
227 -1 1 1 1 1 -1 116 116 116 116
227 -1 1 1 1 78 -1 116 116 116 193
227 -1 1 1 4 -1 -1 116 116 119 -1
229 -1 106 1 -1 1 -1 221 116 -1 116
227 -1 80 1 1 1 -1 195 116 116 116
227 -1 1 -1 1 1 -1 116 -1 116 116
227 -1 1 1 51 54 -1 116 116 166 169
227 -1 1 1 1 -1 -1 116 116 116 -1
227 -1 1 1 1 1 -1 116 116 116 116
228 -1 4 1 1 1 -1 119 116 116 116
2 547874 594283 768116 425939 607660 498892 652296 507736 106120 963127
2 227206 208275 961541 154552 241104 606301 958883 479922 46952 90381
4 841446 139578 534800 406938 858615 492826 317899 844584 587630 571435
0 181069 980014 335701 530463 217523 781808 808261 803247 727176 364670
1 893278 860112 580165 345782 847786 17938 924238 494845 160588 821374
0 155671 512849 390209 677085 807713 897410 361295 250673 829598 692134
3 127961 457938 865586 680040 612059 826034 338859 95134 476596 302364
1 287412 751080 466348 681270 548618 863514 55982 320679 120736 776676
3 95342 28735 400055 756644 170351 644843 953174 352259 679754 801562
1 788891 612516 375332 976482 94864 550752 926273 834857 363124 930021
2 264981 943795 113856 677680 667363 895423 309418 783515 309672 723247
4 486953 362272 622719 351314 903970 609126 677260 895542 295919 945232
4 803760 569688 453840 373135 876981 772397 254949 391931 799257 252998
3 227180 624012 178051 462530 310974 862467 508070 800288 455510 273569
4 292746 48596 560369 658580 634312 362621 567421 321882 980145 635005
0 762171 916483 960439 577278 192545 556765 686737 831902 77649 451977
2 164945 347283 211413 854060 393940 261391 199807 162568 81507 745917
2 366996 928666 33356 163289 44453 437285 876297 420088 884197 446075
2 170078 433671 494534 44730 18460 708807 471702 22435 811787 973231
2 795079 230327 827160 788461 551815 810872 417556 162241 610288 723024
0 505250 229849 891948 888313 147837 758738 571198 849544 81851 517334
17 13 5
221 -1 1 1 61 -1 74 74 134 -1 147 147 207
217 -1 1 1 1 -1 74 74 74 -1 147 147 147
217 -1 1 1 1 -1 74 74 74 -1 147 147 147
217 -1 1 1 -1 -1 74 74 -1 -1 147 147 -1
217 -1 1 32 1 -1 74 105 74 -1 147 178 147
220 -1 1 1 1 -1 74 74 74 -1 147 147 147
217 -1 55 1 1 -1 128 74 74 -1 201 147 147
217 -1 1 -1 1 -1 74 -1 74 -1 147 -1 147
217 -1 1 1 44 -1 74 74 117 -1 147 147 190
217 -1 1 1 1 -1 74 74 74 -1 147 147 147
219 -1 1 1 1 -1 74 74 74 -1 147 147 147
217 -1 37 1 1 -1 110 74 74 -1 183 147 147
217 -1 60 1 1 -1 133 74 74 -1 206 147 147
217 -1 1 1 1 -1 74 74 74 -1 147 147 147
217 -1 1 1 1 -1 74 74 74 -1 147 147 147
217 -1 1 1 1 -1 74 74 74 -1 147 147 147
218 -1 1 1 -1 -1 74 74 -1 -1 147 147 -1
2 435242 252424 607429 803582 724469 839 239694 48769 530436 273498 910120 45686
4 581058 25010 667351 201432 728148 623785 953756 826963 759782 706299 219858 886762
0 726154 277436 402556 649759 106125 379926 566103 242726 138417 551165 684475 631649
2 815817 243477 520925 544555 814151 36973 405888 897352 303288 973285 382413 813274
1 734984 812623 939235 916779 674433 737870 520242 136990 785026 906719 710057 466743
3 914401 395098 830998 761687 426001 236747 703253 282242 250415 664396 702879 394392
1 424858 137642 547069 311817 635548 489312 858009 486678 604381 247454 281057 614973
0 230699 673006 465038 930890 777355 402090 561868 120687 146860 442382 259276 33389
2 146260 324268 817428 606049 102459 662058 329377 720469 920797 11409 117918 414050
4 932598 770883 286802 230719 198501 39051 902877 155290 224873 810260 3596 323158
4 680119 273930 481586 492898 28430 881771 880229 428277 91511 944570 476240 912984
1 570553 44160 683661 851540 160933 564453 583916 554024 189846 213430 787963 64814
2 33424 209525 227744 694678 81087 316604 125695 380219 725461 768899 6064 623940
0 221846 637161 487884 731484 188439 193807 430063 612581 195001 500869 644828 186340
3 517485 420204 851890 416057 482507 284434 874086 979312 757708 59265 755066 612420
0 916300 875244 540852 52233 812163 693702 338018 44502 403290 422444 385026 241353
4 558073 202156 823676 616185 384024 20675 655906 254246 835510 914103 256735 795439
17 13 5
221 -1 1 1 1 -1 74 74 74 -1 147 147 147
217 -1 1 1 1 -1 74 74 74 -1 147 147 147
217 -1 7 66 -1 -1 80 139 -1 -1 153 212 -1
217 -1 1 1 1 -1 74 74 74 -1 147 147 147
217 -1 1 1 -1 -1 74 74 -1 -1 147 147 -1
220 -1 1 1 1 -1 74 74 74 -1 147 147 147
217 -1 -1 1 1 -1 -1 74 74 -1 -1 147 147
217 -1 1 -1 -1 -1 74 -1 -1 -1 147 -1 -1
217 -1 -1 1 4 -1 -1 74 77 -1 -1 147 150
217 -1 1 1 -1 -1 74 74 -1 -1 147 147 -1
219 -1 -1 1 1 -1 -1 74 74 -1 -1 147 147
217 -1 58 11 -1 -1 131 84 -1 -1 204 157 -1
217 -1 1 1 1 -1 74 74 74 -1 147 147 147
217 -1 -1 1 1 -1 -1 74 74 -1 -1 147 147
217 -1 1 -1 1 -1 74 -1 74 -1 147 -1 147
217 -1 8 1 1 -1 81 74 74 -1 154 147 147
218 -1 1 1 1 -1 74 74 74 -1 147 147 147
4 849019 721941 692314 468078 583628 914424 516586 375061 728755 987748 161673 176155
4 705166 374325 848092 358178 31010 920851 567465 360470 848663 292111 194009 290466
2 796837 417891 901988 26313 874019 357688 389399 921276 813169 341020 135332 472659
2 937758 22941 203386 583412 929072 576145 232468 461496 711068 289240 36805 682647
0 408962 604644 171463 456661 772473 834556 992198 839226 327788 871237 91974 339735
2 60687 399061 228526 898407 352104 848829 247935 57577 974474 395925 410655 93756
1 389579 232531 51253 601327 646860 713679 636082 846438 287738 977581 612703 171591
3 463319 298057 176501 463768 358536 158442 920361 808062 270423 794819 681883 870337
3 913589 241298 687465 798984 719700 590533 983716 951559 922366 257711 758706 15293
1 547482 291664 677762 595928 290803 98210 62008 9767 45421 610321 384756 772008
0 331691 491234 774910 161194 279379 583654 971019 515201 502777 666315 606468 85738
2 543769 753024 686799 650667 653376 840584 982491 100712 611748 23496 879098 462311
4 792858 662524 426012 948345 464896 659964 125235 931299 817103 454439 330856 95406
4 819597 29766 611457 67455 77044 893841 538602 908684 445445 628091 548144 378218
0 236501 365937 96316 807412 69662 608741 653550 244007 171182 290604 598893 381958
0 438885 26751 128384 727342 880545 814600 608163 664247 938612 464869 780112 972542
1 100143 255377 96538 585782 276068 908259 858857 356556 669128 78609 520723 938180
