5
33 7 5
14 -1 1 1 -1 12 1
8 -1 1 1 1 1 -1
8 -1 1 1 1 1 1
8 -1 1 8 1 1 1
8 -1 1 1 1 1 1
8 -1 4 9 1 1 1
8 -1 1 1 1 1 1
8 -1 1 1 1 1 1
8 -1 1 1 1 1 1
8 -1 1 1 1 1 1
8 -1 1 1 1 1 1
13 -1 1 1 1 1 1
8 -1 1 1 1 1 1
8 -1 10 1 1 -1 9
8 -1 1 1 1 -1 1
8 -1 10 9 -1 1 12
8 -1 6 -1 1 -1 1
8 -1 -1 1 1 1 -1
8 -1 1 1 1 5 1
8 -1 6 1 1 1 1
8 -1 1 1 1 1 1
8 -1 7 1 -1 1 1
10 -1 1 10 10 -1 -1
8 -1 1 1 1 5 1
8 -1 -1 -1 1 1 1
8 -1 1 1 1 1 9
8 -1 6 1 1 -1 1
8 -1 1 1 1 1 1
8 -1 1 -1 1 1 4
8 -1 1 2 1 1 1
8 -1 -1 -1 1 12 1
8 -1 11 1 -1 1 1
9 -1 1 1 1 1 1
4 444265 80432 673520 700726 421052 770338
0 667019 702138 781986 965092 911073 58739
2 244516 561030 426499 6048 710245 76338
1 649044 670854 742912 624566 599301 363272
2 355056 609927 309994 476609 815417 811367
2 30677 378686 696111 800964 436978 925431
2 459681 26792 216886 564361 933142 439435
2 445618 339758 115107 857961 566075 645501
1 602772 585378 45498 863510 571435 890210
4 968567 212939 197913 593829 824502 768128
0 245841 792603 439695 390004 119677 925975
1 510794 538181 463241 895520 275386 225864
2 954236 833221 388044 123891 784180 616381
3 247665 170289 479698 394250 597690 782126
1 516518 400618 919551 929819 321006 373828
2 382148 441226 72504 707176 211731 469171
4 329843 650795 440295 768319 204615 277094
0 415279 497982 264981 417751 104094 898436
1 716997 644328 71229 252634 684272 170488
4 402779 841687 592228 209256 72069 110313
2 675831 322806 293487 870562 678527 431007
4 994546 577596 141951 887572 980345 1547
1 736267 571678 715057 747558 973337 258448
3 136652 763876 449807 148161 774448 369712
2 767495 649085 41656 267293 87127 582091
2 356407 900312 675139 974485 300396 2033
1 913472 392941 671691 752287 790953 288255
1 29605 58900 373696 858046 452439 150632
0 706716 904003 102925 163927 870902 447920
2 433665 395993 943432 638170 710366 524233
3 974451 917096 771270 463489 90127 358631
4 134084 563050 67098 58771 442394 931668
3 986755 187721 657744 546051 141636 715177
21 11 5
14 -1 1 1 5 1 -1 7 7 11 7
8 -1 1 6 6 -1 -1 7 12 12 -1
8 -1 1 1 1 1 -1 7 7 7 7
8 -1 1 1 5 1 -1 7 7 11 7
8 -1 -1 1 1 1 -1 -1 7 7 7
8 -1 -1 1 1 1 -1 -1 7 7 7
8 -1 1 2 1 1 -1 7 8 7 7
13 -1 1 1 1 1 -1 7 7 7 7
8 -1 -1 1 6 1 -1 -1 7 12 7
8 -1 1 1 1 1 -1 7 7 7 7
8 -1 1 -1 1 1 -1 7 -1 7 7
8 -1 2 1 1 1 -1 8 7 7 7
8 -1 1 2 1 1 -1 7 8 7 7
8 -1 1 1 1 1 -1 7 7 7 7
10 -1 1 6 -1 1 -1 7 12 -1 7
8 -1 1 1 1 1 -1 7 7 7 7
8 -1 6 1 1 1 -1 12 7 7 7
8 -1 1 -1 -1 1 -1 7 -1 -1 7
8 -1 1 1 1 1 -1 7 7 7 7
8 -1 -1 1 4 1 -1 -1 7 10 7
9 -1 1 1 4 1 -1 7 7 10 7
2 499238 641093 903201 270742 323061 869285 380673 240348 205555 50650
1 604355 71173 173675 251287 20396 208873 102001 615231 398986 558302
1 275108 39736 598761 53085 870849 786507 490916 968590 390794 443206
4 525721 630702 460940 61800 289018 456450 358144 727393 478802 947401
1 450811 65140 249199 1244 620643 455787 37833 894092 219477 622509
3 807559 364145 47894 321313 851862 929358 945830 951547 689839 235307
3 368811 385748 559866 80601 291134 28452 617203 974272 316625 501688
3 76685 12281 309857 902711 836713 937927 321500 557570 5688 974762
2 230394 959495 916835 790824 948471 867449 32785 751205 90019 841285
1 597859 520227 162043 258779 379159 395905 585226 316135 504183 64944
4 476072 231370 49984 878971 123404 186047 395250 374524 878095 428744
4 649561 429295 906652 36168 258888 186452 840279 77377 825137 42959
2 659395 461040 386106 198509 511590 541538 35639 844512 167696 884491
2 28795 832560 242809 26382 13727 682948 818809 114149 818280 89944
4 274291 547789 255385 309230 254103 499707 715679 691301 314157 130237
4 211769 771378 537045 693916 670820 949152 114771 355342 678377 418097
3 467101 644858 55104 274620 860966 442253 237600 482060 196914 917056
0 384541 506600 565206 811130 73848 470213 375752 429018 808947 867283
3 641516 785098 395105 314055 934754 215658 622413 868935 487762 710249
3 392581 740857 986470 552627 607061 189879 310385 47022 384433 470476
3 179703 618719 154927 540304 272078 918675 981724 67104 963262 551107
21 11 5
14 -1 3 1 1 1 -1 9 7 7 7
8 -1 5 1 1 1 -1 11 7 7 7
8 -1 5 -1 1 1 -1 11 -1 7 7
8 -1 1 1 1 -1 -1 7 7 7 -1
8 -1 1 1 1 1 -1 7 7 7 7
8 -1 1 1 -1 1 -1 7 7 -1 7
8 -1 1 1 -1 1 -1 7 7 -1 7
13 -1 -1 1 -1 -1 -1 -1 7 -1 -1
8 -1 1 1 1 2 -1 7 7 7 8
8 -1 1 1 1 1 -1 7 7 7 7
8 -1 1 1 1 6 -1 7 7 7 12
8 -1 1 -1 5 -1 -1 7 -1 11 -1
8 -1 1 1 1 6 -1 7 7 7 12
8 -1 1 6 1 1 -1 7 12 7 7
10 -1 1 1 1 1 -1 7 7 7 7
8 -1 -1 1 1 1 -1 -1 7 7 7
8 -1 -1 1 1 1 -1 -1 7 7 7
8 -1 1 1 6 1 -1 7 7 12 7
8 -1 1 1 1 1 -1 7 7 7 7
8 -1 1 1 2 1 -1 7 7 8 7
9 -1 1 1 1 1 -1 7 7 7 7
2 910551 633312 465747 689935 379695 152323 571312 948631 885992 907131
3 840129 606021 540542 897399 367897 956729 467052 844538 817756 645736
3 189001 470138 144269 829741 258149 450365 28518 88001 368049 707921
1 169501 83536 603576 32232 564982 572406 653597 885801 416588 761117
2 213477 773920 423730 341513 44991 227640 147920 918865 131803 435666
1 932970 327933 724624 575935 771450 634729 465302 323563 374174 460587
1 147222 851837 697414 448174 754325 756947 919740 350086 857939 961737
2 697893 267568 493673 258366 301048 797760 895621 524461 846531 391719
3 661305 453862 572385 371943 59186 761378 276066 904634 883611 645066
4 35780 904581 351982 16502 974276 438512 448292 198568 44580 455159
2 475337 779868 676637 140410 832814 25746 605921 910483 240696 299259
3 306976 863255 440821 438297 304371 414815 436762 582738 366924 170242
2 317831 317803 923195 726095 885731 970560 350055 23686 733668 340341
3 181043 298164 520422 572303 753096 783983 234286 880979 880427 225647
0 402684 925290 266006 184179 754906 676808 722093 427996 558776 822303
3 785024 489023 239211 452160 655706 276158 449931 35431 611928 714961
3 415796 196715 754105 803401 32477 701278 298924 211488 582045 639990
3 406346 988554 658598 966827 925061 86333 948090 279446 826068 595260
2 860652 906455 274633 703765 186183 697959 294846 452021 576986 202824
2 87911 890103 670785 544673 303893 853224 132604 988394 301472 100751
1 429728 176463 596014 636817 506230 621026 456791 759138 601145 409946
17 13 5
14 -1 1 1 1 -1 1 1 1 -1 1 1 1
8 -1 1 -1 1 -1 1 -1 1 -1 1 -1 1
8 -1 1 1 2 -1 1 1 2 -1 1 1 2
8 -1 2 1 1 -1 2 1 1 -1 2 1 1
8 -1 -1 -1 4 -1 -1 -1 4 -1 -1 -1 4
13 -1 -1 1 -1 -1 -1 1 -1 -1 -1 1 -1
8 -1 1 1 11 -1 1 1 11 -1 1 1 11
8 -1 1 1 1 -1 1 1 1 -1 1 1 1
8 -1 1 1 1 -1 1 1 1 -1 1 1 1
8 -1 4 1 1 -1 4 1 1 -1 4 1 1
10 -1 8 1 1 -1 8 1 1 -1 8 1 1
8 -1 1 1 8 -1 1 1 8 -1 1 1 8
8 -1 -1 1 1 -1 -1 1 1 -1 -1 1 1
8 -1 1 1 1 -1 1 1 1 -1 1 1 1
8 -1 -1 1 1 -1 -1 1 1 -1 -1 1 1
8 -1 1 1 1 -1 1 1 1 -1 1 1 1
9 -1 1 7 1 -1 1 7 1 -1 1 7 1
1 224347 749080 399814 945029 141813 47804 815449 710497 86039 136886 28438 406305
4 607465 588205 502250 498631 393922 926575 887171 58096 275439 191446 579356 41680
2 899259 540844 551599 216545 644766 368345 304800 221731 514501 381213 400006 574636
1 179437 336965 606755 499741 427008 49923 594844 283022 590857 641762 319712 607489
3 371244 350773 42865 124908 136153 11682 951774 663270 81149 169376 625143 20459
0 238163 48661 408133 623571 352863 864596 472992 305174 480308 462484 160036 22061
3 222559 711103 838929 370970 336049 784710 6437 399467 108628 856953 774294 487226
0 583893 596867 939004 981420 553989 958535 361371 107938 736473 60661 982908 264902
1 778513 401778 327775 165935 760373 787194 736944 669611 744980 746173 700784 114505
3 188933 546159 579476 61591 238673 58202 515781 390051 680518 280304 255811 560156
0 720783 624851 276553 485540 836750 919698 92531 468274 148462 55854 663367 707056
1 478653 12400 843824 627026 581591 530784 18751 104536 123389 68961 559567 374093
0 67009 626174 417021 226956 331753 299538 909926 194057 64142 875905 321980 227139
0 321989 527807 745887 460383 58089 556435 171093 746888 887169 376951 611277 682960
0 573425 681666 799903 366149 642943 181041 947119 338789 250638 579166 553788 320304
1 409188 821469 185146 869955 227115 780620 350632 157672 71416 210653 472712 20728
4 854054 182749 638142 510162 476115 242544 487525 339483 442811 754527 880799 590001
17 13 5
14 -1 8 1 1 -1 8 1 1 -1 8 1 1
8 -1 12 10 1 -1 12 10 1 -1 12 10 1
8 -1 -1 1 1 -1 -1 1 1 -1 -1 1 1
8 -1 1 -1 1 -1 1 -1 1 -1 1 -1 1
8 -1 1 1 1 -1 1 1 1 -1 1 1 1
13 -1 1 -1 1 -1 1 -1 1 -1 1 -1 1
8 -1 1 1 1 -1 1 1 1 -1 1 1 1
8 -1 1 1 1 -1 1 1 1 -1 1 1 1
8 -1 1 10 1 -1 1 10 1 -1 1 10 1
8 -1 1 1 1 -1 1 1 1 -1 1 1 1
10 -1 1 1 1 -1 1 1 1 -1 1 1 1
8 -1 1 1 1 -1 1 1 1 -1 1 1 1
8 -1 1 1 1 -1 1 1 1 -1 1 1 1
8 -1 1 1 3 -1 1 1 3 -1 1 1 3
8 -1 1 1 1 -1 1 1 1 -1 1 1 1
8 -1 1 1 1 -1 1 1 1 -1 1 1 1
9 -1 1 1 7 -1 1 1 7 -1 1 1 7
3 968010 884854 103245 169046 229185 527859 726505 913421 626605 56735 468033 31824
2 235397 894117 192844 735835 353305 470113 722470 624344 926908 791049 129638 879131
2 822168 155061 671632 553685 100571 692694 561300 860036 536563 40927 550371 407492
3 153370 63034 587814 730397 193817 368775 41397 183641 85361 584945 819208 900772
0 177823 888934 511567 596466 484268 753308 566641 852063 884250 2958 62610 218402
0 869412 223848 169284 946004 189378 509244 865147 372113 480976 804551 701588 801585
4 61978 843817 379230 705370 290441 868866 746345 51335 94045 837407 279328 968617
4 840635 358749 798988 531869 416960 683128 36048 689356 399649 305269 432960 403472
4 754334 888505 358771 690591 744971 753829 872355 726529 640716 847815 565549 601548
3 871995 848637 205881 376539 324810 521234 382024 663628 966284 768871 389811 148712
3 759677 105802 959832 279913 214690 518422 372104 190322 63980 392220 338018 342405
1 694698 407036 689467 668066 910790 302858 823033 199455 765105 732666 290167 880613
4 832742 803057 853578 139866 723220 142021 279264 680838 30988 939104 124938 333216
1 805303 753576 36056 539618 495984 257585 46528 945455 885046 321122 748202 553571
2 388366 185077 293630 266073 35214 22393 839780 788448 481105 632947 691281 896887
4 858680 568824 19218 846127 4301 880279 608511 383883 295348 851256 357756 513424
3 436075 593039 875541 267635 739605 676015 801270 186771 391567 560022 289869 700176
