5
33 7 5
8 -1 1 8 3 1 1
4 -1 1 1 1 1 8
4 -1 1 -1 1 -1 1
4 -1 1 3 1 1 7
4 -1 1 1 1 1 1
4 -1 1 1 3 1 3
4 -1 1 1 6 1 1
4 -1 -1 1 -1 1 1
4 -1 -1 -1 1 1 -1
4 -1 1 2 1 1 1
4 -1 1 -1 1 -1 1
7 -1 1 2 1 1 1
4 -1 1 1 1 1 1
4 -1 1 1 1 -1 -1
4 -1 6 1 -1 1 8
4 -1 1 -1 1 -1 1
4 -1 1 1 1 1 1
4 -1 1 1 1 1 -1
4 -1 1 1 5 -1 1
4 -1 2 1 1 1 6
4 -1 2 1 -1 1 2
4 -1 1 1 -1 1 1
6 -1 1 6 -1 1 5
4 -1 -1 8 1 1 1
4 -1 -1 1 1 1 1
4 -1 1 1 1 1 1
4 -1 1 1 2 1 1
4 -1 -1 7 4 1 1
4 -1 1 1 1 1 1
4 -1 1 -1 1 1 4
4 -1 1 1 1 1 1
4 -1 1 -1 -1 1 -1
5 -1 1 -1 1 4 8
1 625830 235228 304421 485700 816560 576354
2 184010 197947 791022 536458 35019 640321
0 811860 324877 392421 616337 994294 882162
2 558929 830121 764672 791424 377250 196798
1 499975 404668 785961 980853 365658 696906
2 734529 191909 901604 891657 870670 136519
4 404636 635914 357604 465776 940360 732209
3 210453 458462 959896 78403 126256 4620
2 834587 71049 701153 400843 262385 269125
1 489062 424330 768668 115580 599829 25060
1 731174 30264 776155 863317 117177 428700
4 409677 529881 23495 130382 44779 223337
1 999793 978627 171496 409083 516034 803389
2 652839 40972 252527 517621 398809 686015
4 901858 218042 31632 351582 365318 62032
1 933565 48099 352500 903816 550587 785046
1 870298 469120 51023 335625 587519 158308
4 585027 313050 195018 258243 996809 585366
3 582876 974409 796277 905636 158178 673345
2 922634 839869 391372 196031 755119 63149
3 279164 479913 843694 216776 129662 406057
4 942797 110258 69097 712871 2637 652230
3 316278 642418 961022 256843 344075 601527
3 953153 460236 673909 983767 372369 898289
3 913893 45550 77858 485719 998980 294738
2 958367 718990 252152 369720 559458 819558
1 439237 143808 324511 225903 976937 218576
4 292596 980173 322874 627165 309736 336077
1 844761 404727 764312 772694 73053 471578
2 989293 743729 727382 276968 694852 933535
0 822171 81424 883746 403300 951550 878974
0 56455 313141 609911 161892 536032 813905
3 717802 5530 225187 539338 528199 180954
21 11 5
8 -1 1 1 1 3 -1 1 1 1 3
4 -1 1 1 1 1 -1 1 1 1 1
4 -1 1 4 1 1 -1 1 4 1 1
4 -1 1 1 1 1 -1 1 1 1 1
4 -1 -1 1 1 1 -1 -1 1 1 1
4 -1 1 1 1 1 -1 1 1 1 1
4 -1 1 1 1 -1 -1 1 1 1 -1
7 -1 5 1 1 1 -1 5 1 1 1
4 -1 -1 1 1 1 -1 -1 1 1 1
4 -1 1 1 1 1 -1 1 1 1 1
4 -1 6 1 1 1 -1 6 1 1 1
4 -1 1 1 1 5 -1 1 1 1 5
4 -1 1 7 1 1 -1 1 7 1 1
4 -1 1 1 1 1 -1 1 1 1 1
6 -1 1 -1 1 1 -1 1 -1 1 1
4 -1 1 1 1 1 -1 1 1 1 1
4 -1 1 1 1 7 -1 1 1 1 7
4 -1 1 -1 1 1 -1 1 -1 1 1
4 -1 -1 1 1 -1 -1 -1 1 1 -1
4 -1 1 1 1 1 -1 1 1 1 1
5 -1 1 1 1 -1 -1 1 1 1 -1
4 268651 132001 151406 355144 770658 269196 81309 26252 655512 675039
2 474813 446279 516606 930275 2132 397031 761272 327892 739528 347015
2 755187 500410 954138 885254 646474 31950 43358 595472 652428 241166
4 514712 337189 9810 729566 746478 336860 565039 70835 333043 165104
1 484517 964545 788760 802771 274687 514880 19657 66158 113357 414868
0 601867 752536 44941 676533 622017 354378 160892 521096 119118 425655
2 485419 274311 297053 521347 890867 435845 282692 115393 213176 922272
4 130491 448732 888710 497236 784096 411582 731929 116663 211593 313096
0 893549 811653 188960 23671 779643 695516 517645 356763 670973 372572
0 157542 847273 761178 519446 944455 512676 107853 915906 533285 863203
4 212760 171733 708733 681288 558830 418539 230895 12677 567638 956739
1 350221 450988 500903 767834 350853 671796 866743 361270 533542 470044
4 854160 398567 765055 62643 86446 173009 589188 463803 195844 568512
3 686542 394671 246427 722135 734475 847307 739651 168461 332240 537582
1 824211 61234 171653 44264 180132 589373 431313 872695 915635 366095
2 996099 867952 816452 206882 210630 311991 587561 311594 356401 956265
1 359232 969711 971063 638114 540763 706762 377868 866678 750037 484113
0 584893 807477 885136 331931 681532 56582 646552 513400 785885 558811
4 133093 592546 220264 612140 366295 109527 601715 114264 166010 812285
4 134109 165637 886406 679569 841172 976803 484092 732550 250088 441970
1 604259 492832 864602 762065 122002 827821 11932 482947 989909 60086
21 11 5
8 -1 1 1 1 1 -1 1 1 1 1
4 -1 1 1 1 1 -1 1 1 1 1
4 -1 1 1 1 1 -1 1 1 1 1
4 -1 1 1 1 1 -1 1 1 1 1
4 -1 1 1 1 -1 -1 1 1 1 -1
4 -1 1 1 3 1 -1 1 1 3 1
4 -1 7 4 1 7 -1 7 4 1 7
7 -1 1 1 1 1 -1 1 1 1 1
4 -1 1 1 4 1 -1 1 1 4 1
4 -1 1 1 1 1 -1 1 1 1 1
4 -1 1 -1 1 -1 -1 1 -1 1 -1
4 -1 1 1 1 1 -1 1 1 1 1
4 -1 -1 1 1 7 -1 -1 1 1 7
4 -1 8 1 7 1 -1 8 1 7 1
6 -1 1 -1 1 1 -1 1 -1 1 1
4 -1 1 1 1 1 -1 1 1 1 1
4 -1 -1 1 1 7 -1 -1 1 1 7
4 -1 6 1 -1 1 -1 6 1 -1 1
4 -1 1 1 -1 1 -1 1 1 -1 1
4 -1 -1 -1 1 1 -1 -1 -1 1 1
5 -1 2 1 8 1 -1 2 1 8 1
0 322881 926186 835019 782406 283109 454459 369863 883800 718090 474626
2 584889 169830 33106 55608 947288 872972 84363 478118 422548 781162
1 961490 941231 972815 909956 635218 771728 882136 505020 170012 765128
4 384238 872702 167533 104000 875288 153231 150176 643301 676098 146287
4 496873 585391 743087 116859 880510 70414 185503 795420 999893 667894
3 78533 235855 397496 25459 579695 993958 513115 126891 868721 261260
1 106413 134840 726911 419725 169139 777580 196697 933925 776139 366941
0 124804 565048 597790 77297 267999 675211 822106 18011 553312 967703
2 262994 224859 914846 749208 284320 420906 113722 274836 957791 225442
2 711216 953946 521220 293060 88069 696585 94927 778473 248599 98509
1 594133 893650 241516 456244 907987 584039 669855 133237 546595 951703
3 898366 602362 339915 577483 745935 973681 348650 266088 915322 362957
3 959090 932053 603625 779964 627745 701309 955814 163188 249536 512780
1 230793 951036 629130 55939 578180 809188 399616 778733 124935 210825
2 247556 602722 376549 641108 919005 944853 960512 990973 543142 383468
0 268259 605166 273193 388765 955420 340060 174811 812499 621530 686169
2 960712 589174 693217 586038 272190 8995 242098 238865 513057 590056
0 754486 852952 194922 371038 879017 10300 254916 523887 800668 533222
3 200620 485151 18151 285232 781450 988153 750558 870364 309791 335503
2 22484 354831 266323 23386 863519 59834 753149 193085 968464 524746
3 815153 732877 428462 939928 607228 272182 413168 304400 285353 37419
17 13 5
8 -1 1 1 1 -1 1 1 1 -1 1 1 1
4 -1 1 6 1 -1 1 6 1 -1 1 6 1
4 -1 1 1 1 -1 1 1 1 -1 1 1 1
4 -1 1 1 1 -1 1 1 1 -1 1 1 1
4 -1 1 1 1 -1 1 1 1 -1 1 1 1
7 -1 1 1 2 -1 1 1 2 -1 1 1 2
4 -1 1 2 1 -1 1 2 1 -1 1 2 1
4 -1 1 -1 1 -1 1 -1 1 -1 1 -1 1
4 -1 -1 1 4 -1 -1 1 4 -1 -1 1 4
4 -1 1 1 1 -1 1 1 1 -1 1 1 1
6 -1 1 1 -1 -1 1 1 -1 -1 1 1 -1
4 -1 1 -1 -1 -1 1 -1 -1 -1 1 -1 -1
4 -1 8 1 1 -1 8 1 1 -1 8 1 1
4 -1 1 1 1 -1 1 1 1 -1 1 1 1
4 -1 1 1 3 -1 1 1 3 -1 1 1 3
4 -1 1 1 1 -1 1 1 1 -1 1 1 1
5 -1 1 1 -1 -1 1 1 -1 -1 1 1 -1
3 473756 165250 740385 286849 102902 448120 736398 223628 921530 491930 881511 882406
2 408268 229829 695199 297604 245322 659987 885864 102985 915841 3359 861248 826787
1 224549 116176 721061 984908 838222 124991 915716 845347 544943 225095 848561 93557
0 22697 366874 27294 748069 973391 512229 936455 368965 58758 976641 121270 20205
0 808679 785645 278139 324708 716276 293198 997829 640433 392315 903247 306012 519522
3 140786 940115 932279 165706 189498 530726 537429 934049 636938 538930 620479 151889
1 190061 146167 734299 661634 577954 482461 226441 201068 856715 680336 952662 302515
2 818686 54601 179257 353602 7811 133050 930677 948401 521579 195949 930137 95890
1 669015 234254 937921 777045 331134 674807 723984 789289 443164 192790 800162 634784
4 506079 901974 21320 311531 687908 560969 667292 588082 534377 924633 840672 269851
4 603031 682062 514059 986026 643781 90608 210192 636612 75004 883095 508119 694500
0 555396 657802 822008 51016 948615 584343 449083 780524 743156 217511 169394 550353
2 188442 930315 934436 811824 319556 103836 670955 372821 248061 338373 400211 957792
0 199892 125097 581944 963135 938644 582626 677913 181855 935164 51692 975582 764823
3 272582 618491 667010 409590 506767 719302 288000 530690 251609 553237 958365 386889
4 740118 157668 485357 706733 846090 594126 706779 566770 377777 824229 763175 528886
1 937303 617606 288016 123976 250384 806420 171778 144285 20094 209824 589403 570292
17 13 5
8 -1 1 5 1 -1 1 5 1 -1 1 5 1
4 -1 1 1 1 -1 1 1 1 -1 1 1 1
4 -1 1 4 1 -1 1 4 1 -1 1 4 1
4 -1 -1 -1 1 -1 -1 -1 1 -1 -1 -1 1
4 -1 7 1 1 -1 7 1 1 -1 7 1 1
7 -1 1 1 1 -1 1 1 1 -1 1 1 1
4 -1 -1 1 1 -1 -1 1 1 -1 -1 1 1
4 -1 1 1 6 -1 1 1 6 -1 1 1 6
4 -1 1 5 1 -1 1 5 1 -1 1 5 1
4 -1 1 1 1 -1 1 1 1 -1 1 1 1
6 -1 1 1 1 -1 1 1 1 -1 1 1 1
4 -1 1 1 1 -1 1 1 1 -1 1 1 1
4 -1 1 1 1 -1 1 1 1 -1 1 1 1
4 -1 1 1 1 -1 1 1 1 -1 1 1 1
4 -1 1 1 1 -1 1 1 1 -1 1 1 1
4 -1 4 1 1 -1 4 1 1 -1 4 1 1
5 -1 1 1 -1 -1 1 1 -1 -1 1 1 -1
2 945603 227179 38587 863256 845905 235091 674510 445810 14010 776465 5035 697786
4 636109 332017 238907 122041 108279 185537 489115 358622 168444 362735 97213 278688
2 57593 76400 316448 936725 420314 603573 45661 6838 271699 169882 576523 804588
4 778148 916648 808905 4271 886957 898422 481952 391772 706023 125251 718542 385303
4 277940 327442 950715 793541 653093 777056 287870 622084 498621 168715 9200 966585
0 168930 675470 630317 66503 691751 624996 745004 104989 378172 803878 595165 773262
2 177197 643786 196242 475648 497081 140455 539612 516629 77287 960715 279413 238023
4 398567 282439 226829 670366 327341 792961 48796 458004 824496 118196 193050 546351
0 722250 164282 564424 79556 714287 998324 337891 420724 545084 361599 787688 990085
2 659143 867565 57438 33344 674433 328764 256788 448732 539936 824330 572925 515321
4 633951 931687 482752 700552 201395 469896 192643 940132 53583 587562 102561 785031
1 432283 509373 35821 483319 679907 468996 483162 628084 283214 657165 634957 366697
0 241436 167467 357491 768702 235515 550491 568865 266816 984686 25761 598002 765209
3 333330 616893 581013 938502 277339 429322 708715 934795 440303 372536 712001 274570
0 125770 95942 935665 520839 140280 653900 345354 659886 904163 651884 669254 424202
2 650476 516833 612069 307247 614480 417517 593717 264868 381917 71144 334573 548267
0 920103 396868 784076 515984 838981 540173 394465 485605 691280 195617 586337 260998
