5
4 5 5
3 1 -1 1 18
1 1 -1 1 1
1 4 -1 1 -1
1 1 1 6 1
211004 77584 682179 578242 219971
299235 839004 912348 908231 488919
746165 51869 330808 666933 217410
918425 878685 350693 480355 793113
4 5 5
4 -1 3 1 1
1 1 1 1 -1
1 19 1 1 1
1 1 1 1 13
44814 443510 688280 7223 753802
682785 937306 315735 247449 174246
186667 105780 955486 121700 792464
309064 633521 654483 208685 216018
4 5 5
1 17 1 1 12
1 1 -1 -1 1
1 1 -1 9 -1
11 1 1 1 1
52835 569118 696757 754249 110866
333929 508910 244843 608487 944030
330021 742599 484962 192026 2365
75407 998324 762153 597500 52561
4 5 5
1 14 -1 2 1
1 1 1 -1 1
1 1 1 1 1
1 1 19 1 16
663522 946817 901092 595244 300384
264021 52049 189436 44455 650293
93825 14862 769354 120085 849975
134959 246222 418485 519938 269782
4 5 5
14 1 1 1 10
-1 1 1 1 1
7 1 1 4 1
1 1 1 -1 1
919007 876508 741649 643994 150097
609933 871083 360110 76155 396885
315340 545458 648864 270849 138637
701509 410429 565089 85884 504383
