5
7 7 5
1 1 7 1 1 1 6
1 8 1 1 1 1 1
8 1 -1 1 1 1 1
1 1 1 1 1 1 1
8 1 1 1 1 1 5
1 1 1 1 1 1 1
7 1 1 1 1 2 1
599004 798156 275659 713340 30277 989327 685717
849752 452202 658286 988116 412623 166861 994232
871741 765319 359530 246611 125788 648031 388857
127419 747282 381821 227907 909799 155438 795740
451820 343135 915367 476613 309478 915223 738120
520322 341212 770528 581288 322772 56614 689945
11030 575167 277745 471091 511238 62768 122971
7 7 5
1 1 -1 1 1 1 1
1 1 1 -1 1 -1 1
1 1 1 1 1 1 2
3 1 -1 1 1 2 1
-1 -1 -1 4 4 8 1
-1 1 1 1 2 1 1
1 1 1 -1 8 1 1
616887 412396 661390 258649 270507 254000 345948
650780 735833 505851 97573 943148 509265 798027
525822 408662 393341 356789 165092 926637 880365
668707 827486 722918 425542 213563 713576 930755
840904 637712 166037 120594 913732 710496 952887
526256 972168 820448 653202 112194 337141 53899
923244 38427 323218 919391 368182 505281 478580
7 7 5
6 1 1 1 1 1 1
1 1 1 3 1 1 1
1 1 6 1 -1 3 1
6 7 1 1 1 1 1
1 7 1 1 1 1 1
1 1 1 1 -1 1 1
-1 1 1 1 1 4 -1
928143 997480 302635 383073 166595 752158 792230
125362 628587 731316 243106 528772 576865 2368
21298 744979 328327 196730 286709 57069 712999
517540 513292 519496 489296 399065 322225 981247
884980 618218 151939 890730 244582 901951 546686
956990 95976 324191 200632 684534 487296 147725
990898 654614 397140 872964 536606 95122 913606
7 7 5
8 7 8 1 1 1 1
6 7 1 1 1 1 1
1 1 1 1 1 1 1
1 1 1 1 1 1 1
-1 1 7 1 1 1 2
1 1 1 1 1 1 1
1 1 1 1 1 1 -1
29285 375991 599668 829751 265229 399373 754787
370305 819510 389610 240266 546882 308122 982115
72417 486140 965148 465882 500257 59417 70358
992500 9956 512811 934632 432671 5819 179727
296320 562675 335839 741104 615950 253861 475841
356073 244200 392657 541839 588977 324331 973679
405680 700076 697995 279785 378254 597247 328412
7 7 5
3 5 1 -1 1 1 1
5 1 1 1 1 7 1
1 -1 1 7 1 1 1
1 -1 1 1 1 1 1
1 1 1 1 1 1 1
1 1 1 1 7 1 7
1 1 1 1 1 1 2
9018 691885 670322 506526 736413 318938 47980
55958 254177 475511 326293 545226 672028 88447
453418 431610 989379 183312 218722 955500 259858
26424 866902 586775 624588 273631 952171 470168
776055 159664 491252 516531 503441 486549 938599
869062 359749 935234 77830 831087 495165 905953
116124 123401 464872 624221 369858 678778 309357
