5
33 7 5
231 -1 -1 1 1 125 1
227 -1 1 1 1 1 47
227 -1 -1 1 -1 190 1
227 -1 216 -1 127 1 1
227 -1 1 1 -1 1 209
227 -1 89 1 1 1 195
227 -1 1 190 39 1 1
227 -1 171 1 1 1 1
227 -1 1 -1 1 -1 1
227 -1 1 1 76 1 1
227 -1 1 124 1 1 3
230 -1 1 1 1 1 1
227 -1 227 1 1 1 1
227 -1 162 1 1 1 1
227 -1 1 1 1 68 -1
227 -1 1 1 1 12 1
227 -1 1 148 1 131 17
227 -1 1 63 -1 1 1
227 -1 -1 1 1 -1 -1
227 -1 1 13 1 1 1
227 -1 1 36 229 3 1
227 -1 1 148 1 -1 115
229 -1 1 82 198 1 -1
227 -1 175 156 1 1 1
227 -1 132 7 1 1 1
227 -1 1 1 1 -1 185
227 -1 1 42 1 1 1
227 -1 1 1 1 1 137
227 -1 1 1 1 1 1
227 -1 -1 1 154 1 1
227 -1 196 1 79 1 -1
227 -1 1 216 1 -1 35
228 -1 1 1 1 1 1
2 104130 386196 850800 703101 672065 812088
2 730315 556389 842708 749604 603703 167845
2 61487 449441 675943 963340 478918 135885
2 828790 495213 118870 107167 83529 51474
4 720845 697051 668089 539024 234021 610213
2 44466 356249 131886 977251 839876 565481
0 375929 689405 41727 68888 301543 954788
3 144335 484752 636085 76700 76425 781852
2 6430 944859 532562 986599 101117 599101
4 784525 653398 763530 670070 143586 926975
0 821732 985274 168301 110310 817286 628384
1 898468 572682 886148 562260 70244 339951
0 492034 425198 347130 151153 761735 561983
3 990077 85602 627989 558796 968858 954101
0 538106 876811 890630 939304 339234 782965
3 249291 796104 154820 615326 951776 149688
2 188657 287991 65337 200266 929069 737855
1 990486 229203 384347 944037 899797 291196
0 297640 832470 74935 782173 976053 546848
4 316297 534241 329163 275924 413864 548498
4 794270 611188 236654 526178 942845 267069
4 967887 963750 160228 808733 439465 405208
2 752933 981716 128676 569012 960537 857509
4 923309 221526 762419 590958 517039 524367
3 654737 732992 319370 510 934230 940153
0 416043 33007 155184 785839 238316 165027
4 676993 921855 305997 335515 170131 296077
3 832772 819602 711638 371551 845587 313103
3 520291 886169 286527 928973 993559 517702
4 615053 237960 165632 363276 64618 248481
2 132963 183597 692056 739046 134245 997638
3 86510 369967 503475 358098 702460 962181
0 479884 723146 137852 468511 506966 551560
21 11 5
231 -1 1 113 1 1 -1 116 228 116 116
227 -1 -1 1 1 1 -1 -1 116 116 116
227 -1 1 1 1 -1 -1 116 116 116 -1
227 -1 -1 1 1 65 -1 -1 116 116 180
227 -1 1 1 1 25 -1 116 116 116 140
227 -1 1 106 1 1 -1 116 221 116 116
227 -1 97 1 1 1 -1 212 116 116 116
230 -1 1 1 1 -1 -1 116 116 116 -1
227 -1 1 1 1 115 -1 116 116 116 230
227 -1 1 1 1 69 -1 116 116 116 184
227 -1 1 63 1 1 -1 116 178 116 116
227 -1 1 1 -1 1 -1 116 116 -1 116
227 -1 1 1 1 57 -1 116 116 116 172
227 -1 1 1 1 1 -1 116 116 116 116
229 -1 1 1 55 1 -1 116 116 170 116
227 -1 1 -1 1 1 -1 116 -1 116 116
227 -1 1 30 1 1 -1 116 145 116 116
227 -1 1 75 1 1 -1 116 190 116 116
227 -1 6 1 -1 1 -1 121 116 -1 116
227 -1 1 1 1 1 -1 116 116 116 116
228 -1 1 1 1 1 -1 116 116 116 116
2 457265 862299 983928 614531 947729 541365 647306 449150 583166 637255
2 464409 708238 514069 341380 594281 119261 3578 273390 151424 614242
3 836288 439058 251970 273737 712738 618578 865770 275526 648513 553734
1 99247 409560 19514 904877 889330 788876 668682 411683 913853 260350
2 531494 15124 356554 79574 82610 79620 268856 767468 563098 680554
0 155105 161577 696755 67108 566725 143041 305289 59790 230914 840920
3 961315 992563 609404 896479 71496 714132 137680 84900 887382 992650
4 177042 348419 842117 562732 968787 591247 417013 175254 499620 981184
1 97570 602984 561086 313032 705208 989398 669454 693657 231805 299927
0 215356 442346 830547 912192 127420 541497 327971 10321 743059 715308
2 79437 56532 819911 611063 586689 520694 412898 493724 881793 175619
3 234734 520364 840794 284320 202779 629002 80519 958282 570394 596917
2 356150 155204 880983 332414 654780 132943 749870 606228 726153 79611
2 436349 776643 868158 910215 22238 340942 675158 767951 689446 178476
4 174068 811886 365962 321317 657765 116271 811480 614113 377601 890867
3 664194 626150 511509 417919 786655 377944 222569 717506 780148 780388
3 927689 595690 483840 207266 105237 639076 19939 697007 758347 779910
2 599794 216024 137382 846202 941222 239995 233181 886876 700616 169172
1 335735 452299 405773 305701 922172 552239 352912 413282 489666 945954
1 597145 886707 729409 451411 16445 794902 216255 942864 693056 280203
4 61688 51771 990869 990388 824914 136079 927830 868660 187463 427692
21 11 5
231 -1 1 1 103 1 -1 116 116 218 116
227 -1 1 1 1 1 -1 116 116 116 116
227 -1 1 -1 1 1 -1 116 -1 116 116
227 -1 1 97 1 1 -1 116 212 116 116
227 -1 1 99 1 1 -1 116 214 116 116
227 -1 1 1 -1 1 -1 116 116 -1 116
227 -1 1 1 1 1 -1 116 116 116 116
230 -1 1 1 1 1 -1 116 116 116 116
227 -1 1 1 113 -1 -1 116 116 228 -1
227 -1 -1 40 1 1 -1 -1 155 116 116
227 -1 1 -1 1 1 -1 116 -1 116 116
227 -1 -1 -1 1 14 -1 -1 -1 116 129
227 -1 1 75 1 1 -1 116 190 116 116
227 -1 1 -1 76 -1 -1 116 -1 191 -1
229 -1 -1 1 1 -1 -1 -1 116 116 -1
227 -1 1 1 1 1 -1 116 116 116 116
227 -1 1 1 1 -1 -1 116 116 116 -1
227 -1 1 18 1 1 -1 116 133 116 116
227 -1 1 1 1 1 -1 116 116 116 116
227 -1 1 104 32 1 -1 116 219 147 116
228 -1 1 1 1 1 -1 116 116 116 116
3 787005 878706 481318 240079 989995 971647 85600 309327 42124 113764
3 422087 540598 756514 117889 384146 18364 386972 675936 843797 101174
4 300929 691750 961512 900255 938785 516243 442504 818994 113095 876415
4 614300 908964 812822 294789 28633 789147 660403 160553 384782 207866
2 200727 736127 475651 495060 390281 180627 325033 184640 255441 752796
4 997040 709633 382649 544372 296304 737730 230488 259447 305177 510347
2 734193 389856 481712 382939 529698 246301 532213 121456 158392 347925
1 828957 248270 50582 386286 836439 894661 526831 743794 708041 637543
3 305164 951202 968536 284794 551485 929320 331157 889240 435435 941089
1 722814 255153 493437 483393 101842 388779 540616 286504 526809 20894
4 933072 551064 170734 290807 845706 498026 68392 386285 811242 333371
1 605051 470535 22960 382381 447901 196950 651485 137960 743914 94807
3 859776 976034 868280 983622 136347 816365 164470 800128 994124 971583
3 143214 514051 368100 661811 683617 518567 905582 356577 513258 349774
4 849626 312921 626053 480691 248786 283222 480279 58012 134990 165884
4 364481 235923 796201 495086 145101 49196 191942 222952 274950 218368
0 151426 695479 109541 537933 941012 932670 406196 96007 894725 475850
2 227427 41808 886807 862466 306280 909931 993898 734730 328943 71868
1 755155 322498 802164 574212 669903 491811 640482 106186 557306 341353
4 522174 274673 180194 706541 858695 958696 868876 336283 807245 355161
1 415115 602420 353777 825478 635525 143878 285622 534602 799423 672857
17 13 5
221 -1 1 25 1 -1 74 98 74 -1 147 171 147
217 -1 -1 16 -1 -1 -1 89 -1 -1 -1 162 -1
217 -1 1 1 1 -1 74 74 74 -1 147 147 147
217 -1 1 1 32 -1 74 74 105 -1 147 147 178
217 -1 1 1 1 -1 74 74 74 -1 147 147 147
220 -1 1 -1 1 -1 74 -1 74 -1 147 -1 147
217 -1 1 1 1 -1 74 74 74 -1 147 147 147
217 -1 44 1 -1 -1 117 74 -1 -1 190 147 -1
217 -1 1 1 45 -1 74 74 118 -1 147 147 191
217 -1 1 1 -1 -1 74 74 -1 -1 147 147 -1
219 -1 1 1 1 -1 74 74 74 -1 147 147 147
217 -1 -1 1 1 -1 -1 74 74 -1 -1 147 147
217 -1 1 1 1 -1 74 74 74 -1 147 147 147
217 -1 -1 1 1 -1 -1 74 74 -1 -1 147 147
217 -1 1 1 67 -1 74 74 140 -1 147 147 213
217 -1 1 1 1 -1 74 74 74 -1 147 147 147
218 -1 1 36 1 -1 74 109 74 -1 147 182 147
2 646408 530039 86983 739245 530656 741003 591321 816579 774877 919529 684800 537891
0 228127 271150 382434 881173 330070 609570 560582 513828 360292 220354 796971 118961
0 18330 720018 258586 394485 303414 813809 890241 872589 761149 172558 147498 504955
4 512465 109896 570892 908542 408749 108631 559100 198549 684120 968970 241719 835952
4 268362 486909 271419 914655 244009 208314 34510 136876 816763 627139 745178 907150
4 585933 398230 727205 828673 864483 883696 829647 769112 301584 751476 908165 383082
4 274883 741454 20749 739581 985 419606 644509 390277 480347 615906 362023 476155
2 110402 962314 698701 131818 450293 355419 828430 756212 475951 54991 879197 41649
0 219439 498926 67563 128908 185259 13744 825758 706716 312255 538568 159976 884711
3 10151 489795 250200 351272 849625 729036 173156 17066 969954 25445 947553 563805
2 128441 926514 880525 704300 117096 838922 304639 81528 634422 904244 463307 678784
2 507491 680581 901944 623264 442854 511412 674720 209780 166379 25029 563369 854417
4 32940 465015 77316 954634 118620 512591 952491 433390 279637 369146 61145 920521
1 565475 759723 198833 720757 721710 855896 395001 671427 906310 325783 601836 698532
0 201941 321290 666117 269438 647406 956775 284996 324939 667915 914310 956305 771589
4 186794 405454 211142 161773 660911 555423 330165 267067 167435 834053 461342 283426
2 150478 588191 814502 288252 677304 687815 332306 979785 955035 138133 935449 135125
17 13 5
221 -1 1 1 -1 -1 74 74 -1 -1 147 147 -1
217 -1 1 1 1 -1 74 74 74 -1 147 147 147
217 -1 1 1 1 -1 74 74 74 -1 147 147 147
217 -1 1 1 1 -1 74 74 74 -1 147 147 147
217 -1 1 1 1 -1 74 74 74 -1 147 147 147
220 -1 1 -1 37 -1 74 -1 110 -1 147 -1 183
217 -1 1 1 1 -1 74 74 74 -1 147 147 147
217 -1 1 1 1 -1 74 74 74 -1 147 147 147
217 -1 -1 1 1 -1 -1 74 74 -1 -1 147 147
217 -1 1 1 1 -1 74 74 74 -1 147 147 147
219 -1 1 6 1 -1 74 79 74 -1 147 152 147
217 -1 1 1 1 -1 74 74 74 -1 147 147 147
217 -1 1 20 1 -1 74 93 74 -1 147 166 147
217 -1 1 1 -1 -1 74 74 -1 -1 147 147 -1
217 -1 1 1 1 -1 74 74 74 -1 147 147 147
217 -1 1 1 1 -1 74 74 74 -1 147 147 147
218 -1 1 58 1 -1 74 131 74 -1 147 204 147
4 888337 450547 984486 39106 790007 950862 876663 434807 509404 670612 390747 861213
4 373515 961459 806367 566055 391438 950700 35867 267402 751604 225593 881311 777512
1 251302 697887 134436 400378 601947 884288 648567 351140 46026 25225 723522 445469
1 589220 318288 753057 691986 905188 13901 496517 977791 236512 946034 325609 959718
2 728411 55164 948745 223004 973715 79954 738808 471992 442214 619736 479575 925950
0 624595 975408 704532 655284 878528 239662 291371 849951 507375 986975 869658 693882
4 233994 730715 751251 764607 1744 828115 235490 31282 151701 561148 197771 595065
2 368633 212637 951372 569897 931372 130640 747163 154501 926271 264561 625778 54117
4 19357 421849 395822 304789 730831 263662 934728 992431 64028 420601 9863 50418
4 743017 429658 689485 613928 410445 886766 749887 493479 835371 918991 497424 185932
1 368350 305727 955367 582861 775516 241706 393068 600815 625804 699805 22935 298395
3 779643 741962 813587 16271 75849 424270 924579 763037 578269 791822 13671 685296
1 534701 76663 372312 317429 70299 187671 849684 410931 707141 345558 187548 783370
2 195544 923256 864419 108252 729677 237310 651458 927238 677743 268205 142325 957564
2 647991 562530 346809 499100 818906 162694 410466 149516 474246 850559 189796 72022
3 906080 482719 944158 865576 209195 353989 599746 167261 103185 729421 759342 629504
2 106468 576786 980638 303491 572890 636209 118694 110579 682271 439346 827813 986201
