5
33 7 5
8 -1 1 7 1 1 1
4 -1 1 -1 -1 1 8
4 -1 1 7 -1 1 1
4 -1 1 6 1 1 7
4 -1 1 1 -1 1 1
4 -1 5 1 1 1 1
4 -1 1 1 1 1 8
4 -1 1 1 1 1 1
4 -1 1 1 8 1 5
4 -1 1 1 1 -1 1
4 -1 1 1 1 1 1
7 -1 1 -1 -1 -1 1
4 -1 1 1 -1 1 6
4 -1 1 1 1 1 1
4 -1 1 1 3 -1 1
4 -1 1 7 1 1 1
4 -1 6 1 1 1 1
4 -1 1 1 1 1 1
4 -1 3 1 1 1 4
4 -1 1 1 -1 1 1
4 -1 1 -1 1 1 1
4 -1 7 1 1 1 1
6 -1 1 1 1 7 1
4 -1 1 1 1 1 2
4 -1 1 1 1 1 1
4 -1 1 1 1 6 1
4 -1 1 1 1 1 -1
4 -1 1 1 1 1 1
4 -1 1 1 1 -1 1
4 -1 1 1 1 1 -1
4 -1 -1 1 -1 6 1
4 -1 4 8 1 1 1
5 -1 -1 1 1 -1 1
3 105838 712665 3660 963406 852076 406016
4 213316 155212 112172 854737 527411 50635
2 355381 293847 214520 172620 987862 453540
3 372972 608471 271154 965692 447130 945992
0 132170 791743 159427 871423 790389 614203
2 557492 286937 402077 103328 717127 259943
0 114021 384184 121295 8675 278106 787981
0 379814 472088 368922 869814 47183 667545
0 781726 52771 943526 984475 938784 127262
3 736285 647687 247837 439533 895411 599094
3 588732 671735 822665 229858 694437 9001
1 937164 845356 300986 49841 443010 350754
0 428288 245722 221974 852360 57217 575003
0 833477 359319 817896 52605 408269 167900
3 113953 94704 287018 807142 211863 901450
4 555403 448276 365056 516813 37827 170743
0 454846 464066 532884 49232 49305 142144
4 816472 180092 21269 878636 12514 776956
1 451268 678071 570394 913901 510199 818245
4 841419 626258 815777 360960 859107 991905
3 207228 788874 488911 686927 477859 660699
0 506651 634494 751688 360900 854705 810963
4 546179 88244 555379 988448 769278 648526
1 233225 950665 648615 208163 380485 248211
2 787276 324855 202238 698852 68320 362695
2 949299 468108 641300 679883 525875 560134
3 330050 614938 197107 777849 543935 398006
4 713053 524506 934486 220469 684631 145670
1 910335 259006 195972 26778 233222 615196
4 670290 800769 979542 68232 155788 184883
4 623920 107887 980151 274153 527680 56135
2 137530 805970 820259 718029 13999 158936
1 864718 552935 851038 973559 112536 117518
21 11 5
8 -1 1 1 1 1 -1 1 1 1 1
4 -1 1 1 -1 1 -1 1 1 -1 1
4 -1 1 1 1 1 -1 1 1 1 1
4 -1 1 6 6 8 -1 1 6 6 8
4 -1 -1 1 2 -1 -1 -1 1 2 -1
4 -1 1 1 6 2 -1 1 1 6 2
4 -1 1 1 1 1 -1 1 1 1 1
7 -1 2 6 1 1 -1 2 6 1 1
4 -1 1 6 -1 1 -1 1 6 -1 1
4 -1 1 1 1 1 -1 1 1 1 1
4 -1 1 1 1 1 -1 1 1 1 1
4 -1 1 1 1 -1 -1 1 1 1 -1
4 -1 1 1 1 1 -1 1 1 1 1
4 -1 1 1 -1 1 -1 1 1 -1 1
6 -1 1 1 1 1 -1 1 1 1 1
4 -1 1 1 1 1 -1 1 1 1 1
4 -1 1 7 1 1 -1 1 7 1 1
4 -1 1 1 1 6 -1 1 1 1 6
4 -1 -1 1 1 1 -1 -1 1 1 1
4 -1 1 -1 8 8 -1 1 -1 8 8
5 -1 1 1 1 1 -1 1 1 1 1
0 480671 848473 510188 517877 695582 329451 769690 164258 817154 744248
0 938337 79422 321634 486281 872294 564982 753871 275297 975856 464280
1 490022 999592 745630 711850 410038 485235 342813 778600 40133 103831
3 218261 546410 853369 925783 642678 282095 815094 839528 297525 416372
0 884489 934776 417656 479834 784355 384978 901453 682369 427940 805368
1 579593 191571 966726 714365 494253 985951 402784 817944 255508 54511
2 185298 262005 697075 281964 807334 856980 415367 549665 408855 33936
2 672460 180815 374577 4897 475560 498110 932037 933050 198537 917836
2 973738 214381 810153 788428 384514 616464 791824 283816 35003 833457
4 669764 297423 439556 734776 792170 574888 231928 684026 844040 499188
1 61302 571305 797568 730102 724364 264699 221625 76591 912968 405006
3 692793 678497 490627 764540 859665 598122 351521 598491 988974 618774
0 147846 334763 212982 247289 756288 542276 352756 564873 453001 366631
3 963142 618322 774362 376844 101047 349694 844386 386026 707115 62446
2 417373 296120 309553 245240 652863 805469 855827 949770 510834 737182
2 485125 745230 397032 619837 329412 629300 945419 972077 105351 302763
2 390379 337300 784743 326661 679061 96404 254815 853798 520745 968404
1 905765 511494 569101 345064 328180 970969 7792 910357 649058 649646
2 62181 720850 544108 65568 744423 545487 276782 652805 38329 688217
4 108065 940184 26935 58258 470682 93050 213653 571232 383373 191738
1 46622 682608 461093 897490 920734 884970 957164 29731 747001 467752
21 11 5
8 -1 1 -1 5 1 -1 1 -1 5 1
4 -1 1 -1 1 1 -1 1 -1 1 1
4 -1 1 1 1 -1 -1 1 1 1 -1
4 -1 8 4 8 1 -1 8 4 8 1
4 -1 -1 1 -1 1 -1 -1 1 -1 1
4 -1 1 1 1 1 -1 1 1 1 1
4 -1 1 1 -1 1 -1 1 1 -1 1
7 -1 2 1 1 1 -1 2 1 1 1
4 -1 1 1 2 1 -1 1 1 2 1
4 -1 1 1 1 1 -1 1 1 1 1
4 -1 1 1 1 1 -1 1 1 1 1
4 -1 1 1 1 1 -1 1 1 1 1
4 -1 1 1 1 -1 -1 1 1 1 -1
4 -1 1 1 1 1 -1 1 1 1 1
6 -1 4 1 1 1 -1 4 1 1 1
4 -1 2 1 1 1 -1 2 1 1 1
4 -1 1 1 1 1 -1 1 1 1 1
4 -1 1 -1 1 5 -1 1 -1 1 5
4 -1 1 1 1 5 -1 1 1 1 5
4 -1 1 1 1 1 -1 1 1 1 1
5 -1 1 -1 1 5 -1 1 -1 1 5
0 153622 827190 762432 580091 371602 495932 949075 437997 999676 369549
2 58324 239383 667068 877203 719023 279885 797129 932886 869699 827883
1 477888 197026 861896 338960 737305 652290 73953 470125 405823 428528
0 462625 692937 92886 193586 350485 98366 532247 492848 509706 504476
3 478885 280103 136004 141531 811228 371983 747923 190146 324075 840644
0 949866 529717 723699 248357 86728 157274 804191 605069 243322 986956
3 5795 681166 482852 761993 502199 571982 434214 537534 700231 205763
1 954445 246173 178300 96582 271131 910948 648146 447844 670156 771900
0 474954 626711 301095 615107 279610 518336 600027 494038 353418 903238
3 403372 792405 285661 408972 315215 770758 421958 290741 44361 525810
4 702992 72885 474927 841875 154107 81044 145564 955665 374344 156464
0 314102 351062 570842 438565 593945 255783 710797 177656 359146 84037
2 149986 800369 917982 273818 289484 399538 584902 941960 23001 192778
2 361565 774084 830003 529135 221931 891911 597324 895337 527827 413844
4 552729 176165 370932 225728 419794 210583 546909 559471 284271 735130
2 375376 392386 172802 114334 430573 601647 33490 566226 660832 399621
2 132642 395901 507537 458075 482735 496317 956952 684774 504696 230113
3 442726 479032 226312 57312 506910 908001 944842 8418 940803 333558
4 569786 635537 92304 25529 209489 776916 529209 866958 12207 947577
2 939495 320106 47482 788531 858005 179047 838018 558596 335172 136562
4 10790 830553 209332 178897 883192 94023 564970 547045 487435 21257
17 13 5
8 -1 4 1 1 -1 4 1 1 -1 4 1 1
4 -1 2 -1 -1 -1 2 -1 -1 -1 2 -1 -1
4 -1 1 1 1 -1 1 1 1 -1 1 1 1
4 -1 1 -1 1 -1 1 -1 1 -1 1 -1 1
4 -1 1 1 1 -1 1 1 1 -1 1 1 1
7 -1 8 1 1 -1 8 1 1 -1 8 1 1
4 -1 1 1 8 -1 1 1 8 -1 1 1 8
4 -1 1 1 -1 -1 1 1 -1 -1 1 1 -1
4 -1 2 1 1 -1 2 1 1 -1 2 1 1
4 -1 1 1 1 -1 1 1 1 -1 1 1 1
6 -1 1 1 1 -1 1 1 1 -1 1 1 1
4 -1 -1 1 1 -1 -1 1 1 -1 -1 1 1
4 -1 5 1 1 -1 5 1 1 -1 5 1 1
4 -1 -1 1 1 -1 -1 1 1 -1 -1 1 1
4 -1 1 1 1 -1 1 1 1 -1 1 1 1
4 -1 1 1 -1 -1 1 1 -1 -1 1 1 -1
5 -1 1 1 1 -1 1 1 1 -1 1 1 1
2 995441 945589 764417 47016 375859 262228 157417 677176 745402 776948 625991 307833
0 801540 212149 425952 670657 598565 135105 402588 14862 243 795712 985596 591970
3 604017 284253 365776 171138 376844 374957 951015 210386 548896 180643 598764 538459
4 906433 460465 71979 464111 193506 520061 528876 559023 789866 386171 235451 176533
0 955808 24914 104073 349815 765790 362753 210207 9527 416205 909965 514195 222761
3 772114 205307 991916 138208 83824 91793 482204 194307 425581 123918 84599 332420
1 741362 784223 940614 827612 316003 997540 290403 906950 330379 78467 443077 847696
3 498185 73646 62437 726663 170959 228053 714966 567842 969672 669183 911673 881614
0 912524 608133 720442 221963 384506 617974 566561 883872 142896 454203 842378 384759
4 161913 958201 174843 678122 110890 482238 873023 207363 696960 569503 246458 840042
1 386186 143654 441348 135897 476484 858128 375415 397934 402258 904222 833352 31157
3 925164 667602 223638 796162 141264 914153 473277 278081 91772 732590 257433 748370
4 520292 444530 324904 960931 873740 494460 811380 704055 783732 997825 794403 157184
3 351098 910051 246269 82639 542853 201194 181386 375931 920764 598240 670936 725189
0 731643 755275 639042 869068 3769 641322 210627 366600 28673 170560 658703 824777
3 988330 89004 116745 60975 591176 577039 415898 977950 539899 714306 270711 949325
3 815355 956794 249789 746370 112098 74337 924960 486413 267141 645383 298669 964259
17 13 5
8 -1 1 1 1 -1 1 1 1 -1 1 1 1
4 -1 1 1 -1 -1 1 1 -1 -1 1 1 -1
4 -1 1 1 1 -1 1 1 1 -1 1 1 1
4 -1 5 1 3 -1 5 1 3 -1 5 1 3
4 -1 1 3 5 -1 1 3 5 -1 1 3 5
7 -1 1 1 1 -1 1 1 1 -1 1 1 1
4 -1 1 1 1 -1 1 1 1 -1 1 1 1
4 -1 1 1 1 -1 1 1 1 -1 1 1 1
4 -1 1 1 1 -1 1 1 1 -1 1 1 1
4 -1 1 1 7 -1 1 1 7 -1 1 1 7
6 -1 1 1 1 -1 1 1 1 -1 1 1 1
4 -1 1 -1 1 -1 1 -1 1 -1 1 -1 1
4 -1 1 1 1 -1 1 1 1 -1 1 1 1
4 -1 1 1 1 -1 1 1 1 -1 1 1 1
4 -1 1 -1 1 -1 1 -1 1 -1 1 -1 1
4 -1 2 -1 1 -1 2 -1 1 -1 2 -1 1
5 -1 1 7 6 -1 1 7 6 -1 1 7 6
0 442802 148336 443741 228242 822444 287100 617468 937214 347623 841238 593258 980713
1 703025 626392 636210 843187 553665 609707 958334 259375 25581 21351 740010 566905
2 185982 51161 615488 817596 60199 509264 647148 975786 279900 370267 999379 126683
0 862185 386985 180745 206924 272241 690776 292060 382351 966914 22039 602930 301716
0 923278 97176 855521 810253 284415 482783 206413 602557 195412 705502 784499 756169
0 662577 37731 97524 216692 484321 164034 559579 280892 912664 539152 155782 43684
2 456966 474523 599220 409887 136463 529946 310854 489140 949031 348768 550372 530953
4 430396 44304 871440 44225 732595 276441 577809 785422 197914 593232 211737 395491
4 872604 27910 575907 972555 374951 393444 120293 9642 626261 883602 391074 381095
1 392831 333362 762838 858931 92404 510285 919745 918268 421951 186301 488082 894262
4 309302 110114 303363 827275 435895 565885 919954 94065 897066 189609 96099 72220
0 998756 908056 460568 594040 736457 593057 972879 930091 824912 657374 858647 576492
2 719261 137989 423920 496287 369811 55658 770681 257789 229788 256622 863958 729921
1 818178 60770 746326 955771 207204 350375 22809 695619 221525 923559 944001 235537
0 74551 201926 666252 941223 724315 722779 32232 727419 847332 935880 570421 409764
4 943091 564705 293059 526637 960710 384556 45377 35228 65765 463561 607201 497807
1 642434 912596 601911 212315 876384 162703 579810 38913 762582 692212 542580 558224
