5
33 7 5
14 -1 1 1 7 7 1
8 -1 2 1 -1 -1 1
8 -1 7 2 1 -1 1
8 -1 2 1 7 1 1
8 -1 10 1 1 1 1
8 -1 1 1 1 1 1
8 -1 1 1 1 1 1
8 -1 1 1 1 -1 1
8 -1 -1 7 1 1 1
8 -1 1 1 1 1 1
8 -1 1 1 1 -1 1
13 -1 10 1 1 1 1
8 -1 -1 1 1 1 1
8 -1 1 1 1 1 -1
8 -1 9 -1 10 1 1
8 -1 1 1 1 1 12
8 -1 1 1 1 -1 1
8 -1 1 1 1 1 1
8 -1 1 6 -1 1 1
8 -1 1 1 7 1 1
8 -1 11 1 1 -1 1
8 -1 1 1 -1 1 1
10 -1 1 12 1 9 11
8 -1 1 1 1 1 1
8 -1 1 1 1 -1 1
8 -1 12 -1 -1 4 1
8 -1 1 1 1 1 1
8 -1 1 -1 1 10 -1
8 -1 1 1 12 1 -1
8 -1 1 1 12 1 1
8 -1 1 1 1 1 1
8 -1 1 5 1 1 1
9 -1 1 1 1 1 1
2 786842 662815 976018 184443 23521 59994
2 697401 412095 932406 217087 165160 412468
1 628154 172085 495867 214908 762281 58691
1 25166 723696 525288 781051 216186 445368
2 144523 789678 382303 247481 39422 580117
3 402694 316452 735362 108532 268828 515946
0 297625 867807 169377 751352 983786 103025
0 639356 840943 567095 400187 813678 689971
4 375990 37112 990177 194936 663473 697388
2 860420 582469 678085 592437 408006 935620
2 104457 33561 106850 801209 755686 524620
4 799723 859490 396696 663737 236988 882263
2 217259 492041 148127 892792 837890 442
2 872563 491746 594119 707369 877350 71767
1 597493 323366 907347 627336 927904 941551
2 606262 853354 528968 145717 608620 798350
4 317937 110306 640656 239310 844891 179084
1 819522 19751 437580 24394 284073 828181
3 286320 591886 648546 982683 963372 25756
3 272301 551145 628918 66699 172437 933333
2 152066 446140 582596 192461 962565 213267
2 61518 456676 500158 244995 912641 875610
4 269591 625058 77905 811029 296928 728296
1 448463 649927 270262 504764 414116 677031
0 233778 349289 14151 59126 202067 213809
1 111239 918654 594593 277720 939443 721853
2 373388 869221 682841 574422 147555 491996
1 406603 753367 807317 217168 725626 209113
2 322303 392081 932623 640437 576481 550551
4 686357 651731 30185 811155 62141 584982
3 447397 704800 493855 601341 471335 938144
3 190576 757897 329680 904311 483992 144388
3 243789 444300 519949 88658 522044 47012
21 11 5
14 -1 1 1 1 1 -1 7 7 7 7
8 -1 2 1 1 1 -1 8 7 7 7
8 -1 1 1 1 1 -1 7 7 7 7
8 -1 1 5 -1 -1 -1 7 11 -1 -1
8 -1 3 1 1 3 -1 9 7 7 9
8 -1 1 1 -1 1 -1 7 7 -1 7
8 -1 1 1 1 1 -1 7 7 7 7
13 -1 1 1 3 1 -1 7 7 9 7
8 -1 1 1 1 1 -1 7 7 7 7
8 -1 1 1 -1 1 -1 7 7 -1 7
8 -1 1 1 1 1 -1 7 7 7 7
8 -1 -1 1 1 1 -1 -1 7 7 7
8 -1 1 6 1 1 -1 7 12 7 7
8 -1 1 1 1 -1 -1 7 7 7 -1
10 -1 1 1 1 1 -1 7 7 7 7
8 -1 1 1 3 -1 -1 7 7 9 -1
8 -1 1 -1 1 1 -1 7 -1 7 7
8 -1 2 2 1 1 -1 8 8 7 7
8 -1 1 1 1 1 -1 7 7 7 7
8 -1 1 1 1 1 -1 7 7 7 7
9 -1 -1 1 -1 6 -1 -1 7 -1 12
1 559405 989172 994953 674051 293249 422157 409764 240653 89570 108428
0 850816 830728 827130 628830 616995 638105 435769 872735 196890 790169
3 591355 809531 329425 326035 370957 105296 537921 359441 961472 282041
4 633352 328736 333565 215786 667055 353189 672747 925688 371064 790725
3 281130 290993 632101 707736 421034 403732 823897 297118 75496 867268
3 950495 293746 730091 799241 551434 820706 78335 985004 299271 531359
0 21789 934667 778296 2598 348102 825817 453638 909399 774916 450944
3 731665 345050 146594 563061 86790 681831 813107 818264 721551 419884
2 140987 818572 234566 28605 319998 726757 8447 714701 669750 665458
3 706194 716771 838503 855648 464020 601520 615931 313291 545209 91924
2 138818 267726 298084 811485 706715 176262 142319 182720 575948 606629
0 458197 97966 965795 481973 365779 250778 346894 886391 167533 796176
1 827953 393570 276531 33979 113325 844307 221334 673419 942564 782727
1 834267 607130 265954 435720 79858 761906 737038 736187 312120 192511
2 891835 901996 591974 16443 314480 948799 605985 680608 952123 949157
2 206545 376521 80368 317196 209011 406534 432017 40335 805992 562010
3 634531 681641 388295 841928 516086 511491 329325 882990 120023 766044
1 802648 234397 650863 848514 427686 173907 530221 667883 171975 733276
3 322782 648269 127775 833210 499853 33181 638883 341465 931285 527146
4 738190 625519 553146 868023 665347 545051 935044 717514 908785 38776
1 815016 21566 401585 274379 913208 984258 333739 698715 308085 469658
21 11 5
14 -1 1 2 1 -1 -1 7 8 7 -1
8 -1 1 1 1 1 -1 7 7 7 7
8 -1 3 1 1 1 -1 9 7 7 7
8 -1 1 1 3 1 -1 7 7 9 7
8 -1 1 1 1 5 -1 7 7 7 11
8 -1 1 1 1 5 -1 7 7 7 11
8 -1 1 1 1 1 -1 7 7 7 7
13 -1 1 5 1 1 -1 7 11 7 7
8 -1 5 1 1 5 -1 11 7 7 11
8 -1 1 -1 1 1 -1 7 -1 7 7
8 -1 1 1 1 1 -1 7 7 7 7
8 -1 5 1 1 5 -1 11 7 7 11
8 -1 1 1 1 2 -1 7 7 7 8
8 -1 -1 1 1 1 -1 -1 7 7 7
10 -1 2 1 1 1 -1 8 7 7 7
8 -1 1 1 2 1 -1 7 7 8 7
8 -1 1 1 1 1 -1 7 7 7 7
8 -1 1 1 1 5 -1 7 7 7 11
8 -1 -1 -1 1 4 -1 -1 -1 7 10
8 -1 1 1 1 -1 -1 7 7 7 -1
9 -1 -1 4 1 1 -1 -1 10 7 7
3 720298 516884 908144 61748 291173 735420 658629 691408 389164 690955
4 38129 639606 190921 547922 956782 387312 434691 605614 660090 784294
0 270010 317293 830046 788071 446694 384680 96031 914958 677861 217070
4 619246 785699 570476 130762 989273 699403 550445 344063 697653 649760
2 728113 560137 309300 535123 609759 4249 535107 653313 366548 828034
2 959448 165462 720965 847016 267080 30032 872059 822326 99633 602677
0 541008 544925 12266 394888 810615 519171 610149 306398 228222 533250
2 439008 206932 127145 167865 809429 513506 125084 407921 632977 447895
0 824365 94249 649347 261054 207102 300819 783772 451978 417761 972730
3 413016 657468 560846 461494 751641 402538 748626 704139 894462 324023
1 96366 795043 808187 196869 427708 831103 274288 147647 873055 646923
2 697675 829929 574036 825061 12889 681113 912490 948445 285434 456693
4 649144 301860 166939 645062 536497 677907 869559 486718 890778 723696
3 629348 852313 456373 416974 443793 724213 932654 5336 831057 28834
2 461648 871459 652624 826028 41989 803192 802614 791482 684997 160212
1 759514 431288 197638 230804 261688 785128 548293 272986 382048 368824
2 307853 823692 125593 309241 933588 355924 810896 799772 840328 4773
0 617850 919340 239009 586438 757512 308771 190739 853602 571152 298837
3 33922 184191 495843 709081 966471 573967 93065 604202 912326 190380
2 255885 56185 242264 46908 859960 385860 998190 99285 581213 317806
0 861075 305059 555393 478181 614107 428235 685821 332784 507692 670511
17 13 5
14 -1 1 10 1 -1 1 10 1 -1 1 10 1
8 -1 1 1 -1 -1 1 1 -1 -1 1 1 -1
8 -1 1 1 1 -1 1 1 1 -1 1 1 1
8 -1 1 1 1 -1 1 1 1 -1 1 1 1
8 -1 1 1 1 -1 1 1 1 -1 1 1 1
13 -1 1 1 1 -1 1 1 1 -1 1 1 1
8 -1 -1 1 1 -1 -1 1 1 -1 -1 1 1
8 -1 1 1 1 -1 1 1 1 -1 1 1 1
8 -1 1 1 2 -1 1 1 2 -1 1 1 2
8 -1 -1 -1 12 -1 -1 -1 12 -1 -1 -1 12
10 -1 1 1 1 -1 1 1 1 -1 1 1 1
8 -1 11 -1 1 -1 11 -1 1 -1 11 -1 1
8 -1 1 11 1 -1 1 11 1 -1 1 11 1
8 -1 1 1 1 -1 1 1 1 -1 1 1 1
8 -1 1 2 1 -1 1 2 1 -1 1 2 1
8 -1 1 1 1 -1 1 1 1 -1 1 1 1
9 -1 1 1 -1 -1 1 1 -1 -1 1 1 -1
3 702028 613307 141054 563307 49184 348046 194843 16814 988972 806181 638822 796013
2 648255 824379 902714 132679 281209 834125 462563 94016 200152 44007 40397 437296
0 159593 966138 445873 233664 347789 241799 419114 873321 150822 912123 46473 123529
2 985252 120080 682239 988825 481886 560792 431305 182476 888164 850853 931685 35514
1 124874 19643 914915 837098 865944 443188 868944 769172 536968 547558 946135 833261
3 98984 63683 356843 117815 576775 562655 14085 653085 111914 62656 462732 761771
2 996508 603394 43974 372076 459879 721256 690053 390786 22078 646503 919715 912007
2 935002 203953 160874 340057 719479 891789 472329 433118 886350 616890 908855 489499
1 586264 742273 18465 428558 621675 524400 334586 573208 450419 303721 565576 286049
0 27642 573952 723845 876431 498651 138491 236279 5333 515293 391476 43347 553234
3 857550 413800 284889 699041 690704 643215 434937 752398 646839 776427 377507 505059
1 68623 301262 85687 703938 495780 71931 529299 604981 447915 960863 373523 951382
2 30324 165409 511909 501755 961716 105791 146952 356698 473988 155118 389582 64732
3 613933 146206 261519 763280 249746 227410 580620 33147 207336 735978 189358 504244
4 56392 235449 495295 506288 671320 139574 479210 109503 323352 140186 871425 60711
0 813206 145521 85860 815290 592323 128401 760750 764021 757122 932758 252514 978774
3 46028 552146 862424 823925 147778 503406 480538 614089 291394 891079 254935 851610
17 13 5
14 -1 1 1 1 -1 1 1 1 -1 1 1 1
8 -1 1 3 1 -1 1 3 1 -1 1 3 1
8 -1 1 1 1 -1 1 1 1 -1 1 1 1
8 -1 -1 1 9 -1 -1 1 9 -1 -1 1 9
8 -1 1 -1 1 -1 1 -1 1 -1 1 -1 1
13 -1 -1 1 1 -1 -1 1 1 -1 -1 1 1
8 -1 1 1 1 -1 1 1 1 -1 1 1 1
8 -1 1 1 1 -1 1 1 1 -1 1 1 1
8 -1 1 -1 1 -1 1 -1 1 -1 1 -1 1
8 -1 -1 1 4 -1 -1 1 4 -1 -1 1 4
10 -1 4 1 1 -1 4 1 1 -1 4 1 1
8 -1 11 1 1 -1 11 1 1 -1 11 1 1
8 -1 1 1 1 -1 1 1 1 -1 1 1 1
8 -1 1 1 1 -1 1 1 1 -1 1 1 1
8 -1 1 -1 1 -1 1 -1 1 -1 1 -1 1
8 -1 1 1 -1 -1 1 1 -1 -1 1 1 -1
9 -1 1 1 1 -1 1 1 1 -1 1 1 1
3 974128 421784 257098 806860 406992 953477 452400 989413 969629 409800 107353 345774
2 841004 776858 840398 988837 95247 102377 304536 800963 477078 670482 767866 165835
0 481322 242457 680560 588500 742615 38568 722140 371295 691046 885910 257618 886030
0 393164 32822 824244 194174 285943 151294 802953 219517 533838 769020 239580 926906
4 113371 522860 754758 679338 305905 117840 414269 522412 917128 441542 552896 978562
2 951057 991091 587200 470107 569540 753326 369864 370868 570147 248613 290109 53765
1 188891 669084 519889 125560 68523 106333 778372 664012 150904 861570 475619 746229
2 350179 520024 826657 112895 660495 210565 933041 76993 823606 830720 153421 497553
1 783119 369906 452277 243008 821031 364287 74576 495972 528233 42312 933096 470462
0 653484 711253 928097 153512 736300 192460 114191 376570 935524 452880 57720 386712
2 740606 973101 666564 692970 86435 844546 96922 299601 472889 51080 504808 612247
4 428337 68318 356322 342787 92825 183192 291402 461112 18578 705742 770963 612334
0 894102 273680 842542 513781 802969 659433 351517 584382 755335 128184 815998 240045
3 756832 632072 942405 507258 195578 649688 44506 342442 644985 254443 619675 522623
1 922899 452913 645765 964488 728209 318819 652727 270831 553041 479657 493709 450117
1 931679 60854 126324 502536 594499 934840 48567 64306 965371 710752 833695 172150
4 214890 347782 957341 196226 45069 532767 837268 782342 598486 591703 812591 477222
