5
7 7 5
8 1 1 1 1 1 3
1 1 1 1 1 -1 1
8 1 1 1 1 1 1
1 1 1 1 2 1 -1
1 1 7 1 1 1 1
1 1 7 1 1 1 1
1 1 1 1 1 1 1
301506 530227 808728 859875 633161 319592 292069
503625 301609 382158 168077 172467 851614 702284
317115 725980 707558 990470 514607 18045 669822
64470 667653 576673 862820 215278 605179 251458
70716 405750 973883 401209 750029 236737 218969
825476 249619 210713 20115 203536 5074 400205
8426 47841 219088 968595 142658 982252 574252
7 7 5
1 1 1 1 3 1 1
4 1 1 -1 1 8 1
1 1 1 1 1 1 1
-1 1 -1 1 1 1 1
8 1 1 1 1 1 6
1 1 1 1 1 1 1
1 1 1 1 1 1 -1
528732 533535 840737 938721 669006 968447 604081
582493 441635 428413 371944 484245 188623 922188
862101 76979 412932 342320 740865 123050 317499
115965 577717 296585 686837 598551 743366 354155
150429 140340 379843 967381 114829 700521 419407
597726 147629 642769 13379 243041 123351 884453
130855 17213 506557 11885 199534 546662 980632
7 7 5
1 1 1 1 1 1 4
1 1 1 1 1 1 1
-1 -1 -1 1 1 1 1
1 1 1 1 1 6 -1
1 1 1 1 8 1 1
1 1 1 1 1 1 1
7 1 -1 1 1 1 1
197977 216673 174325 954962 491425 462698 962599
115752 94643 727857 261740 890751 982288 959376
458449 477186 275901 441374 564312 475954 151411
504976 641011 585682 62381 497352 678872 420131
359636 864092 197438 796664 645299 649903 868341
472114 411361 814288 205960 405982 604516 420436
444644 561758 453289 322715 391106 838466 884391
7 7 5
8 1 1 1 1 1 7
-1 -1 1 1 1 1 1
1 1 1 1 1 1 1
1 1 1 1 -1 1 2
1 3 1 -1 1 1 1
1 1 1 1 7 3 1
1 1 1 1 1 1 1
765084 701522 96880 369938 722364 131421 740305
200866 787429 116170 409035 295997 828668 128275
413033 256830 350977 857646 892253 295624 852918
358588 31459 480456 797767 169711 246151 95041
580604 123470 684263 221842 617556 45680 467279
995739 155515 778537 314233 300468 377999 895767
345908 759603 744792 725171 900688 622397 812154
7 7 5
1 1 3 1 6 1 -1
7 1 1 1 6 1 1
1 1 1 7 1 1 1
7 1 1 1 1 1 1
7 1 -1 1 1 1 1
1 6 1 -1 1 -1 1
-1 1 1 7 1 4 1
555301 523278 11066 347975 115590 495790 771364
196447 381330 896664 218670 901195 414438 838375
359326 886528 573675 144117 966306 824035 465185
127786 184719 803715 635426 141225 195277 68755
795497 309365 158941 30073 737792 793871 392860
710416 355069 347019 695629 294579 670344 46337
154615 148292 694989 305316 443410 12722 821902
