5
2 15 5
21 1 1 1 1 1 1 1 1 1 1 1 -1 1 13
4 1 1 27 1 -1 -1 1 1 1 1 1 1 1 1
156929 683026 304954 329287 728741 909745 181886 203693 801338 323651 475697 416587 815156 979326 778304
630985 770783 621258 390199 283945 406847 920926 613288 53203 271071 805618 462029 741939 883078 767295
2 15 5
22 1 1 1 1 1 1 1 1 1 1 1 1 1 1
1 29 1 -1 1 1 1 1 1 1 1 1 8 6 1
641847 318903 454593 788310 86251 766714 500542 307181 566820 96817 833623 867207 965991 889065 704894
546045 718814 674954 852605 99621 883162 417008 465964 790358 351316 527978 624756 896714 668942 361436
2 15 5
27 1 1 1 1 1 1 1 1 1 1 1 1 29 13
1 1 1 1 1 1 1 1 1 1 1 12 1 1 1
616225 215493 853453 894281 719927 619570 126137 887472 419008 21433 93784 906385 818237 791505 782315
788980 374359 55423 175806 120216 961725 277529 726058 522949 860326 919680 985856 952453 67333 832363
2 15 5
-1 1 1 1 1 1 -1 24 9 1 1 1 -1 1 -1
1 23 1 1 -1 1 24 24 1 1 1 1 1 29 1
466053 930964 679565 43482 55909 287048 342018 1433 668913 171843 568464 299745 221396 185037 907845
162907 957297 679040 805559 89852 844484 816286 433107 520685 742534 337671 788034 742851 163439 181598
2 15 5
1 1 13 1 1 1 1 -1 20 1 1 1 1 11 1
1 2 1 -1 1 1 1 1 1 1 1 1 1 1 1
714149 662001 467071 30299 993173 688869 846838 276381 810562 435974 590009 811117 627716 617516 163070
382301 150734 560413 792184 24888 32592 713766 486568 194529 643453 300931 310169 829064 570092 114845
