5
7 7 5
-1 1 1 1 1 6 6
1 1 1 1 1 1 1
7 1 1 1 1 1 1
1 1 1 1 1 1 1
1 1 1 1 1 1 1
-1 1 3 1 1 3 7
8 1 3 1 -1 1 1
994147 820285 562316 104204 399379 663526 339366
447850 868585 171536 770698 220258 83341 208242
539358 705597 573497 411725 371631 375307 248036
466788 119871 203760 980349 659846 615288 89071
56977 306916 976322 498959 78069 288325 427688
11847 229374 559672 121871 889553 653275 698340
307465 991911 507477 59577 920291 375566 513923
7 7 5
1 6 1 1 2 1 -1
1 1 1 1 8 8 1
-1 1 1 8 1 1 1
1 6 1 1 1 1 1
1 1 1 -1 1 1 1
-1 1 6 1 -1 1 3
1 1 1 6 1 1 1
61153 21293 370254 178679 427025 982673 749033
797346 11887 288484 34204 442096 552632 64987
921649 103509 39870 101086 812741 743390 325818
609971 469569 861262 443773 50937 325623 628792
869157 904326 776954 937340 988955 304313 490026
406350 922033 336199 687271 115111 203117 49567
307476 912839 419545 938514 579181 739242 159826
7 7 5
1 1 1 1 1 1 -1
7 1 1 1 1 1 2
1 -1 1 1 1 1 5
1 1 1 1 1 1 1
1 6 1 1 1 1 1
6 1 6 1 1 1 1
7 1 5 1 1 1 1
383400 419510 986662 628865 548195 466534 33982
331325 597148 993088 640838 497730 450184 662347
72910 976409 319633 303636 914389 680902 223751
568547 497251 500466 69852 88066 676830 619515
701055 202689 738879 566078 25168 606781 80309
80715 645103 87140 565228 153466 645570 698084
257954 431577 314115 74945 669660 755807 813149
7 7 5
4 1 1 1 1 5 4
1 1 1 1 4 1 1
1 -1 1 1 1 1 1
1 1 1 1 1 4 7
1 1 -1 1 1 1 1
4 -1 6 -1 1 1 1
1 1 1 1 1 1 1
849317 637982 474662 609665 902542 940547 628126
194296 156826 306268 462702 857022 756977 865616
421405 766435 690079 756475 224938 101137 155762
948894 87159 234282 172486 421634 734424 933690
763091 388437 857972 913659 424054 757939 20918
720979 399922 488076 691461 391054 663621 102393
592976 455841 307394 648085 722144 504497 906172
7 7 5
1 4 1 1 1 1 3
1 1 1 6 1 1 1
1 -1 1 4 1 1 4
6 1 1 1 1 1 1
1 1 1 4 1 1 1
1 1 -1 -1 4 1 1
2 6 1 1 1 1 1
550397 699764 62509 656184 546975 67471 60138
49761 4558 748945 461239 250477 52133 274549
16620 545325 302237 262005 335269 142263 470793
248047 866274 555275 958220 427078 839083 955230
902986 162629 574517 640814 745141 209980 511999
670753 309624 503387 769503 859859 45517 44399
454219 94510 849367 183177 517448 91106 330338
