5
33 7 5
14 -1 1 1 1 1 4
8 -1 1 1 1 1 1
8 -1 -1 1 -1 1 7
8 -1 -1 1 1 -1 -1
8 -1 1 -1 1 1 8
8 -1 5 1 1 1 -1
8 -1 1 1 1 2 1
8 -1 1 11 1 1 -1
8 -1 1 1 1 1 1
8 -1 11 1 1 1 2
8 -1 1 1 1 1 1
13 -1 1 1 1 1 1
8 -1 1 1 1 1 1
8 -1 1 1 -1 4 1
8 -1 1 -1 1 1 1
8 -1 1 -1 1 1 -1
8 -1 -1 1 -1 1 1
8 -1 1 1 1 1 1
8 -1 1 1 -1 1 1
8 -1 1 1 1 1 1
8 -1 1 1 1 1 7
8 -1 3 1 -1 1 1
10 -1 1 1 1 1 6
8 -1 1 1 5 1 1
8 -1 1 1 1 10 1
8 -1 1 1 1 1 1
8 -1 9 1 -1 1 1
8 -1 -1 1 1 1 1
8 -1 -1 7 1 1 1
8 -1 1 1 1 1 1
8 -1 1 1 -1 1 1
8 -1 11 1 1 1 -1
9 -1 1 -1 8 -1 1
0 91176 849960 51464 59708 843903 8668
1 102992 676649 422547 271818 868587 325960
4 632649 723745 705942 866166 564243 928764
2 656017 74678 444870 521630 857755 866001
1 257623 484878 438230 39588 986767 504126
1 615239 301513 10536 135689 20901 144393
0 894960 558713 471918 175543 899344 280011
3 989604 624503 53472 834728 66091 338633
1 407975 733835 287448 225308 116163 116864
4 756950 139718 518084 681824 646888 265405
0 87181 61712 666593 26503 81558 193468
4 545088 301074 861621 392931 852572 492725
4 89222 447730 854993 913881 343939 357849
3 121034 734968 963601 858102 413159 913588
1 724993 58894 539644 624195 293912 481997
0 908486 500971 193010 2324 620727 400385
2 584962 519852 852475 91804 806919 981286
4 685728 605995 914652 535096 956778 62361
4 493402 330048 840224 965978 149849 872732
1 574372 390636 609076 20946 682758 514183
1 757572 800661 500128 718509 209112 152111
2 868753 660547 929035 149190 886886 815474
0 77322 658455 406131 447342 551327 660197
4 998990 571533 515697 528654 824798 612853
1 222454 344159 703774 929017 719535 872214
0 365214 575929 25471 759280 169027 991336
1 608531 821805 182373 386131 751756 673833
4 99677 839864 715142 643166 392320 631388
3 581804 805152 869339 963200 664744 507340
3 215814 79297 550182 293248 945957 730319
1 2682 196414 639238 130003 84979 317094
2 316479 627799 148463 381702 767357 818331
3 471342 311799 369007 241002 715164 13597
21 11 5
14 -1 1 1 1 3 -1 7 7 7 9
8 -1 1 1 1 1 -1 7 7 7 7
8 -1 -1 -1 1 2 -1 -1 -1 7 8
8 -1 1 4 1 1 -1 7 10 7 7
8 -1 1 -1 2 4 -1 7 -1 8 10
8 -1 1 1 2 1 -1 7 7 8 7
8 -1 1 1 1 1 -1 7 7 7 7
13 -1 1 1 1 1 -1 7 7 7 7
8 -1 1 -1 1 4 -1 7 -1 7 10
8 -1 1 1 1 1 -1 7 7 7 7
8 -1 -1 1 1 1 -1 -1 7 7 7
8 -1 4 -1 1 4 -1 10 -1 7 10
8 -1 1 1 1 4 -1 7 7 7 10
8 -1 -1 1 1 1 -1 -1 7 7 7
10 -1 1 -1 1 6 -1 7 -1 7 12
8 -1 3 1 1 1 -1 9 7 7 7
8 -1 6 1 1 4 -1 12 7 7 10
8 -1 6 1 1 3 -1 12 7 7 9
8 -1 1 -1 1 -1 -1 7 -1 7 -1
8 -1 3 1 -1 1 -1 9 7 -1 7
9 -1 1 6 1 1 -1 7 12 7 7
1 459979 413541 955599 356580 387856 393756 93862 469912 39187 418341
2 729143 925236 654437 68208 816323 189308 520985 883168 365604 240061
2 351116 534880 357225 840541 593731 177863 60694 508050 226046 319006
4 702098 679448 316612 227684 636741 958236 254771 306893 581871 604546
0 610755 700146 255496 533595 769744 71659 758696 126952 872796 588972
1 991201 791957 88889 480719 254940 338755 225219 479148 81355 21696
3 850698 10116 97401 622440 506313 936771 889537 986572 66718 102462
2 676498 487076 523602 611081 875776 909186 568646 361013 315248 116599
0 969833 172993 42941 855544 803311 993626 386495 9395 67804 125506
0 938675 42311 542668 915576 298317 723144 825456 107706 485634 337425
3 983661 586455 671734 271247 322431 813092 858973 263687 653036 31188
1 360306 150399 891012 311508 147300 892298 182940 198177 968151 565983
1 609519 119297 752393 532315 753516 531581 859344 65131 85174 500390
1 956304 93365 608693 27155 368291 109103 680142 39431 945905 430469
1 768580 131172 693806 520222 220917 622919 629106 581278 920472 655111
4 943942 300384 67493 972893 56164 843048 558053 178982 440040 184901
2 247809 719874 328437 302453 918611 808759 731737 975221 387278 236874
3 458417 424956 596320 565057 988425 572072 688714 217760 706806 213339
4 873974 478439 278789 822248 495249 233863 643365 435855 840163 293127
0 514405 15180 515696 456334 476130 426104 308752 141121 107642 318488
2 991043 63534 678348 763792 96280 783240 770678 747298 108409 354167
21 11 5
14 -1 1 1 1 1 -1 7 7 7 7
8 -1 1 -1 1 1 -1 7 -1 7 7
8 -1 2 1 1 1 -1 8 7 7 7
8 -1 1 2 1 1 -1 7 8 7 7
8 -1 1 1 1 1 -1 7 7 7 7
8 -1 1 6 6 1 -1 7 12 12 7
8 -1 1 1 -1 1 -1 7 7 -1 7
13 -1 1 1 1 1 -1 7 7 7 7
8 -1 -1 1 1 3 -1 -1 7 7 9
8 -1 1 1 1 1 -1 7 7 7 7
8 -1 1 1 1 1 -1 7 7 7 7
8 -1 1 1 1 1 -1 7 7 7 7
8 -1 1 2 1 1 -1 7 8 7 7
8 -1 1 1 1 -1 -1 7 7 7 -1
10 -1 1 1 1 1 -1 7 7 7 7
8 -1 -1 -1 1 1 -1 -1 -1 7 7
8 -1 4 1 1 2 -1 10 7 7 8
8 -1 1 1 4 1 -1 7 7 10 7
8 -1 1 1 -1 6 -1 7 7 -1 12
8 -1 1 1 1 6 -1 7 7 7 12
9 -1 1 -1 6 1 -1 7 -1 12 7
4 612292 257148 976456 922278 573153 659429 101200 802926 730867 885171
2 891089 709053 513102 469575 694960 521227 426042 664509 539791 658477
3 193275 306327 246379 223993 357236 956873 997609 346503 918187 603585
3 609872 238005 26800 378083 824085 766729 787685 556529 316998 946345
0 464824 613421 606049 885186 521502 827269 435888 780053 757660 193321
4 703043 772477 344804 657209 636113 457599 315294 696348 30361 90043
1 123427 324669 267792 696589 159761 989760 36388 361162 874057 361855
0 31670 13294 818141 177086 678498 736345 983906 109581 281059 655853
0 763946 268956 967446 983068 451024 322728 927705 255627 804534 153367
2 288167 50787 669377 868602 171707 161402 520353 122430 211749 49802
3 631728 786052 602381 632777 974429 459092 71956 146272 390309 795079
3 264032 406576 615292 943044 282239 100783 915394 668754 124785 977124
2 12872 354267 893152 407011 566071 830677 276943 50731 474927 644400
2 479561 864404 708866 206632 826915 166978 963399 583628 407908 525012
1 872419 373543 389481 832614 940557 998813 878140 380056 992186 99413
1 986781 948807 165827 763075 601871 781208 580975 785200 318032 313375
2 571691 298779 468450 353486 932070 174215 121702 538459 183657 674505
0 932478 981777 576541 608041 89643 221472 292312 776634 250829 24657
1 680748 833718 330570 183397 437580 149222 928655 54344 351718 408273
4 438971 118060 618232 103490 934469 722172 388394 343207 183378 421199
1 834771 586675 128871 451250 513582 430958 710536 682304 766513 754710
17 13 5
14 -1 9 1 1 -1 9 1 1 -1 9 1 1
8 -1 1 -1 1 -1 1 -1 1 -1 1 -1 1
8 -1 1 1 8 -1 1 1 8 -1 1 1 8
8 -1 1 -1 1 -1 1 -1 1 -1 1 -1 1
8 -1 1 1 1 -1 1 1 1 -1 1 1 1
13 -1 1 1 1 -1 1 1 1 -1 1 1 1
8 -1 11 1 1 -1 11 1 1 -1 11 1 1
8 -1 1 1 1 -1 1 1 1 -1 1 1 1
8 -1 1 1 1 -1 1 1 1 -1 1 1 1
8 -1 1 3 1 -1 1 3 1 -1 1 3 1
10 -1 1 -1 1 -1 1 -1 1 -1 1 -1 1
8 -1 1 -1 1 -1 1 -1 1 -1 1 -1 1
8 -1 1 1 12 -1 1 1 12 -1 1 1 12
8 -1 1 1 -1 -1 1 1 -1 -1 1 1 -1
8 -1 -1 1 2 -1 -1 1 2 -1 -1 1 2
8 -1 1 3 1 -1 1 3 1 -1 1 3 1
9 -1 -1 -1 1 -1 -1 -1 1 -1 -1 -1 1
1 630813 718989 166123 546468 446841 946807 496991 82253 543016 885899 624756 145777
0 612620 247818 516367 52793 357655 930284 849766 889940 423104 985339 982828 582529
2 361206 54284 868395 4947 505942 402794 82831 641544 342997 694942 645264 282179
0 850260 665877 257857 624975 449194 707880 270376 603351 546843 641688 753514 448096
1 643642 577612 615281 534398 329845 209506 149584 412204 133118 35174 367570 911573
2 622478 481615 975929 254844 679961 696483 78785 368583 539096 470596 657162 335743
0 256201 560477 669410 957844 352514 753908 612732 7945 871052 261731 196040 90918
1 320439 738105 184339 106213 999280 298552 357252 819427 216951 884280 776883 701969
1 536606 308200 769318 562156 946624 250806 209639 13772 921609 379411 188156 200448
3 32002 574367 793589 173511 534942 523494 503164 191869 78295 233041 918832 735914
2 184718 777394 970437 570913 53730 470868 923590 936403 997822 109483 921 560731
3 561276 495047 126468 777441 410968 900543 49916 668674 406427 861309 601504 21791
2 599817 647230 317975 74970 902728 840809 370293 475864 680855 211053 268252 112095
0 770082 19392 582761 737028 812985 953023 290159 175468 641120 739355 6305 839112
3 351459 547797 30783 850333 844895 379884 443213 506069 4973 568179 641344 142233
0 783224 419689 632185 331155 438807 626878 192866 518713 86118 868249 307881 657895
3 368012 988568 336509 685133 704364 665076 633513 129949 973660 36830 644199 779745
17 13 5
14 -1 11 1 1 -1 11 1 1 -1 11 1 1
8 -1 7 -1 1 -1 7 -1 1 -1 7 -1 1
8 -1 1 1 6 -1 1 1 6 -1 1 1 6
8 -1 1 1 1 -1 1 1 1 -1 1 1 1
8 -1 1 1 1 -1 1 1 1 -1 1 1 1
13 -1 -1 1 -1 -1 -1 1 -1 -1 -1 1 -1
8 -1 1 6 1 -1 1 6 1 -1 1 6 1
8 -1 1 1 1 -1 1 1 1 -1 1 1 1
8 -1 1 1 1 -1 1 1 1 -1 1 1 1
8 -1 1 1 9 -1 1 1 9 -1 1 1 9
10 -1 1 -1 1 -1 1 -1 1 -1 1 -1 1
8 -1 -1 -1 1 -1 -1 -1 1 -1 -1 -1 1
8 -1 1 1 1 -1 1 1 1 -1 1 1 1
8 -1 1 1 9 -1 1 1 9 -1 1 1 9
8 -1 1 1 1 -1 1 1 1 -1 1 1 1
8 -1 1 1 1 -1 1 1 1 -1 1 1 1
9 -1 1 1 1 -1 1 1 1 -1 1 1 1
1 364083 491224 923324 839809 684780 772170 641377 91991 194072 239135 274716 187943
4 890078 95439 338158 643120 573199 471784 949876 103468 402101 622687 651146 295177
2 382408 311566 788488 311627 214754 461445 799168 994600 817845 928481 602081 177376
1 14821 649739 720468 332447 997780 980951 540682 11954 263254 696638 721302 653207
4 23521 547659 595749 327672 828410 290872 156111 668380 927040 291103 413273 641178
4 999005 708417 129103 913357 954744 384886 368418 50042 493595 421376 58334 847995
0 679022 924224 981942 743292 577627 981430 564671 581460 408480 495957 976601 925517
2 807481 114801 507853 629519 548540 591801 195781 991340 346257 411221 735895 469503
0 433257 225771 4728 56191 964166 430222 134272 784368 15646 73348 147166 891617
2 549488 637580 704716 54649 567727 483228 491301 707876 424793 464130 796940 381348
2 288338 777680 271493 552916 537024 783312 897758 883009 665019 571431 326750 342640
2 387503 36623 401951 620415 64156 531540 143286 144899 616573 136122 850077 603635
4 663057 635507 378264 880808 421178 585338 316581 294667 214033 454894 597477 71588
1 901282 418471 220290 528220 830587 33081 631238 715807 288458 473664 477991 99151
4 789971 5426 82716 923441 58539 779024 574730 297193 761407 438595 202415 14575
4 209265 135259 545505 652048 381404 119907 765114 221242 973128 834535 592982 350371
0 925417 278685 796215 437893 462755 699400 153551 995606 89117 102385 609049 532973
