5
33 7 5
8 -1 1 1 1 5 1
4 -1 1 -1 2 1 6
4 -1 1 6 1 1 1
4 -1 -1 6 1 1 1
4 -1 -1 1 1 1 1
4 -1 -1 1 1 1 1
4 -1 2 1 1 8 1
4 -1 -1 1 1 1 1
4 -1 1 1 1 1 1
4 -1 4 1 1 1 1
4 -1 1 1 1 1 1
7 -1 1 1 1 1 1
4 -1 1 1 1 -1 1
4 -1 1 1 1 1 1
4 -1 1 1 1 1 -1
4 -1 1 1 1 8 1
4 -1 1 1 -1 1 1
4 -1 3 4 -1 1 1
4 -1 1 1 1 -1 1
4 -1 1 4 1 1 8
4 -1 1 1 -1 1 1
4 -1 1 1 -1 1 5
6 -1 1 1 1 1 1
4 -1 1 1 1 1 1
4 -1 1 1 1 1 1
4 -1 1 1 1 1 1
4 -1 1 1 -1 1 1
4 -1 7 1 5 5 1
4 -1 1 1 1 1 6
4 -1 1 1 -1 8 -1
4 -1 1 5 1 1 1
4 -1 1 1 2 1 5
5 -1 4 1 1 1 -1
2 156242 918490 368754 547612 268638 950942
2 421427 513505 904036 742558 89813 415975
3 387375 312837 486374 886078 801642 246372
0 719721 509797 86001 245732 338726 532628
0 24523 291363 413490 630752 670039 225725
1 338202 650272 544080 130530 55188 683160
2 524853 350320 458336 63859 697156 562971
1 391640 474467 147587 664589 612242 835741
3 422787 902888 223229 739010 901 606102
1 759332 738592 70768 411038 13630 676477
1 784039 109504 795264 595274 342546 476114
0 42573 136811 522368 197918 397958 719447
0 319981 149224 19406 653374 457249 591763
3 748418 846747 204620 856237 692589 453433
0 691173 79930 214130 665783 525076 670147
4 797765 192734 272771 142434 571577 205688
3 646091 203074 90388 949946 751166 460840
3 751481 539843 658300 742515 944921 576397
4 834654 391168 182598 462091 76557 787391
2 763595 908505 119831 210801 639969 607399
2 466394 776872 335627 558584 648571 298505
1 563248 857525 304967 749895 166918 207113
0 580887 889365 958178 95929 480196 814777
1 848698 404006 213189 402234 471812 670389
1 907304 61430 945423 332066 650773 217822
1 104425 68227 139174 45153 822798 490983
3 687037 59662 213013 298045 177611 479450
0 359758 653845 124960 744774 643843 463012
3 547910 190498 276894 166710 984043 566957
0 231385 615055 194462 869853 131113 245641
3 949032 68889 372239 44696 349935 608201
2 527297 662482 623978 296718 782100 146256
2 628386 817551 93377 195313 111008 190284
21 11 5
8 -1 1 1 1 1 -1 1 1 1 1
4 -1 1 -1 6 1 -1 1 -1 6 1
4 -1 1 1 1 1 -1 1 1 1 1
4 -1 1 1 1 1 -1 1 1 1 1
4 -1 1 1 -1 1 -1 1 1 -1 1
4 -1 1 1 1 1 -1 1 1 1 1
4 -1 1 7 1 1 -1 1 7 1 1
7 -1 1 3 1 1 -1 1 3 1 1
4 -1 1 -1 1 1 -1 1 -1 1 1
4 -1 1 -1 -1 8 -1 1 -1 -1 8
4 -1 -1 1 1 1 -1 -1 1 1 1
4 -1 1 1 1 1 -1 1 1 1 1
4 -1 1 1 1 1 -1 1 1 1 1
4 -1 -1 1 1 1 -1 -1 1 1 1
6 -1 1 1 -1 1 -1 1 1 -1 1
4 -1 1 1 1 1 -1 1 1 1 1
4 -1 1 1 4 1 -1 1 1 4 1
4 -1 1 1 1 1 -1 1 1 1 1
4 -1 1 1 1 5 -1 1 1 1 5
4 -1 1 1 1 7 -1 1 1 1 7
5 -1 1 1 1 1 -1 1 1 1 1
3 73372 467333 264530 478559 188351 555872 930397 733354 329140 425421
1 427088 222532 346334 583873 306049 593561 534251 435724 791369 342693
2 917111 621212 8779 499813 96682 939246 777552 332328 31431 753354
1 780964 923357 341051 6517 806930 908710 574333 672207 300464 581433
2 992433 855522 823812 242144 79085 890458 301758 716074 617685 963773
2 222002 200022 803314 330719 637176 815977 551856 340863 182990 369667
0 122081 153180 30424 458332 99267 456957 893949 999842 739444 276558
0 254234 392653 398446 176322 78176 23448 556602 646815 223384 854806
4 365385 130871 679274 757425 651835 647466 245101 928413 129959 558549
2 691124 897329 535216 999235 191569 665375 862547 885867 992863 117663
0 167108 502225 385426 721356 497112 624810 991076 957102 607810 398882
1 574466 95676 796050 282103 88941 104850 440467 936281 458756 635311
4 538972 685108 652668 262261 390422 426179 79488 553330 454765 459363
3 242134 697760 429528 831073 345816 164342 503622 377317 524714 146595
2 180274 173535 513371 810317 91295 480390 736575 710802 968253 599529
0 341732 205946 911160 283023 32603 301576 794113 590301 277095 757048
3 712848 349556 314336 341307 677765 390520 211032 54696 46137 686384
0 708775 624930 543474 931779 787823 323380 4108 194362 40425 93282
3 665727 233039 897803 156301 65274 799147 736045 894683 93383 587022
3 18126 164761 126542 358295 295916 35149 878173 133286 690994 422052
1 966652 476643 558629 647183 666490 819802 652971 470950 843995 157621
21 11 5
8 -1 1 1 1 1 -1 1 1 1 1
4 -1 -1 6 6 1 -1 -1 6 6 1
4 -1 1 1 1 1 -1 1 1 1 1
4 -1 6 2 1 1 -1 6 2 1 1
4 -1 1 1 1 1 -1 1 1 1 1
4 -1 2 -1 2 1 -1 2 -1 2 1
4 -1 1 1 1 1 -1 1 1 1 1
7 -1 -1 6 1 1 -1 -1 6 1 1
4 -1 1 1 1 1 -1 1 1 1 1
4 -1 1 1 1 1 -1 1 1 1 1
4 -1 1 1 1 -1 -1 1 1 1 -1
4 -1 1 1 1 -1 -1 1 1 1 -1
4 -1 1 1 1 1 -1 1 1 1 1
4 -1 1 1 1 1 -1 1 1 1 1
6 -1 -1 2 1 5 -1 -1 2 1 5
4 -1 1 -1 -1 1 -1 1 -1 -1 1
4 -1 1 1 1 1 -1 1 1 1 1
4 -1 1 1 1 1 -1 1 1 1 1
4 -1 1 1 -1 1 -1 1 1 -1 1
4 -1 1 1 1 3 -1 1 1 1 3
5 -1 1 1 1 -1 -1 1 1 1 -1
1 888687 52321 645272 256946 233168 978957 954014 508602 145899 495366
0 969056 631785 850205 760250 91930 840546 230728 841624 98664 520258
0 709762 143270 624800 338766 77332 775114 663239 804553 185081 766539
1 927341 375804 291397 108309 576827 530511 759863 763944 154712 977263
0 793573 797498 676723 772419 57979 575217 365087 687932 59353 144385
3 444966 887933 17953 135663 844797 373386 706230 130167 226356 905368
1 114237 473619 161271 524948 115241 621757 587537 476167 749476 709860
3 802868 75970 507611 504818 123272 341144 964018 255575 804388 165788
2 39616 705979 975190 7276 160833 545940 269293 389962 322015 895567
0 743150 376693 108262 616571 922490 716617 74079 107085 247679 911603
2 296347 378177 949515 180674 567766 816398 600362 207314 587599 187061
0 851943 528473 46950 308224 827430 637693 353043 713356 504377 67102
0 214413 909152 98990 453768 575708 644242 359537 238755 316513 237293
2 524906 323168 739427 835345 305863 358734 748823 777640 777160 789483
3 759194 379723 59766 491357 67511 770027 755477 70541 821189 533075
3 491453 467051 422997 183919 204745 521712 251439 69668 885906 590929
2 10762 229133 312387 708522 444729 459937 414709 948928 872799 901218
1 682967 185588 815356 908397 841857 113229 59331 548791 445897 443929
3 950115 244399 723541 583337 480586 79494 847275 47873 129356 675115
2 701523 720091 651452 803173 161925 972601 228880 729076 757863 921803
2 598537 485792 287316 507981 208325 369062 448634 439369 332613 136016
17 13 5
8 -1 1 1 1 -1 1 1 1 -1 1 1 1
4 -1 -1 4 1 -1 -1 4 1 -1 -1 4 1
4 -1 1 1 3 -1 1 1 3 -1 1 1 3
4 -1 1 3 1 -1 1 3 1 -1 1 3 1
4 -1 1 1 1 -1 1 1 1 -1 1 1 1
7 -1 1 1 1 -1 1 1 1 -1 1 1 1
4 -1 1 1 5 -1 1 1 5 -1 1 1 5
4 -1 1 1 -1 -1 1 1 -1 -1 1 1 -1
4 -1 1 1 1 -1 1 1 1 -1 1 1 1
4 -1 -1 1 4 -1 -1 1 4 -1 -1 1 4
6 -1 1 1 1 -1 1 1 1 -1 1 1 1
4 -1 1 1 -1 -1 1 1 -1 -1 1 1 -1
4 -1 1 1 1 -1 1 1 1 -1 1 1 1
4 -1 1 1 -1 -1 1 1 -1 -1 1 1 -1
4 -1 4 1 1 -1 4 1 1 -1 4 1 1
4 -1 -1 1 1 -1 -1 1 1 -1 -1 1 1
5 -1 1 6 1 -1 1 6 1 -1 1 6 1
4 718709 540523 168190 94704 111642 4934 580212 836277 750413 878763 558056 285186
4 855862 550100 425785 572074 995114 698586 529383 293427 12494 91865 815866 601631
2 734465 619529 312545 994602 582691 329826 559126 320941 176843 613748 409355 864769
4 559931 838491 269882 207978 955383 478652 487630 938263 20917 316665 34077 694437
0 762543 234661 368494 875694 166458 416185 75969 830511 124998 323555 790432 222360
3 788150 860126 761574 417315 877077 323413 554367 321772 504319 716874 758032 304240
4 844730 561230 138744 24955 733452 258526 399774 615881 499412 350132 350385 492707
0 495955 531757 265038 729843 385560 248851 998538 145596 82936 945532 286016 540819
3 248255 584545 541322 733126 948824 187650 618494 828727 858063 681698 138181 922026
0 792381 965494 519706 442528 648248 503666 65060 849303 764397 505011 389299 353673
3 959671 883527 156343 747945 709752 716300 636588 518713 842874 217263 847388 796442
1 214179 98301 742744 280088 440109 785126 639861 639820 58781 464307 942606 221154
2 20102 717224 495949 394483 462403 417158 836392 586131 400965 398164 23447 888246
3 734700 828928 550183 553299 72192 357238 793012 101627 561519 557049 90999 784300
1 830955 748296 118773 306384 762212 507806 659249 595718 719529 439201 868449 384410
2 69832 778397 804635 256285 142769 779784 403386 658777 848474 294659 878761 316683
4 100373 849148 131394 893774 937807 998637 759295 843947 890815 894375 643864 205860
17 13 5
8 -1 1 4 1 -1 1 4 1 -1 1 4 1
4 -1 1 1 -1 -1 1 1 -1 -1 1 1 -1
4 -1 2 -1 -1 -1 2 -1 -1 -1 2 -1 -1
4 -1 1 -1 1 -1 1 -1 1 -1 1 -1 1
4 -1 7 1 1 -1 7 1 1 -1 7 1 1
7 -1 1 1 1 -1 1 1 1 -1 1 1 1
4 -1 7 1 1 -1 7 1 1 -1 7 1 1
4 -1 -1 -1 1 -1 -1 -1 1 -1 -1 -1 1
4 -1 1 -1 1 -1 1 -1 1 -1 1 -1 1
4 -1 5 1 1 -1 5 1 1 -1 5 1 1
6 -1 1 -1 1 -1 1 -1 1 -1 1 -1 1
4 -1 1 8 -1 -1 1 8 -1 -1 1 8 -1
4 -1 1 1 -1 -1 1 1 -1 -1 1 1 -1
4 -1 1 7 1 -1 1 7 1 -1 1 7 1
4 -1 7 1 1 -1 7 1 1 -1 7 1 1
4 -1 7 1 -1 -1 7 1 -1 -1 7 1 -1
5 -1 1 1 5 -1 1 1 5 -1 1 1 5
1 475001 27686 406582 720329 595735 286424 651156 682321 912571 160137 409173 269160
2 581163 739551 312562 112565 547514 413116 188993 418436 795783 511387 670417 353878
0 773182 875454 185990 439999 516966 249386 89494 355423 13450 747680 924850 453107
1 511586 778032 858488 274459 109717 375155 281195 940928 77862 41382 312100 167213
2 250349 784222 769760 163478 911258 531641 316873 778049 431379 882746 605991 553716
3 573508 88732 624924 993253 220890 531967 552211 106355 8735 205219 386271 880343
1 431685 353310 82263 463147 547498 848695 61771 910340 89106 84994 252538 747820
4 267228 849639 373170 363267 818516 269204 884895 914766 190893 753722 653262 262576
4 391677 857224 888272 370947 92897 716723 751268 853351 422264 899249 28872 902483
3 894109 249367 712577 548544 101018 696606 204307 321736 651505 755276 897969 891604
1 443629 465544 958028 824889 827700 675333 906921 856508 369043 781704 350523 766751
3 607155 884728 816183 103795 317203 780057 541141 968217 687830 687494 897933 425766
2 568352 698037 193168 628111 854118 120630 13038 840600 327214 59958 38887 549639
3 590985 918563 581956 929735 197514 856723 787197 501817 374123 264170 475932 48447
0 885080 687695 382387 769711 318783 732638 71382 65278 504392 160965 815782 885090
4 434876 827152 763677 481083 919114 970096 553231 785730 644955 887823 164988 828134
1 897637 694815 37943 744663 837297 148258 258570 407196 346297 825871 226967 292507
