5
33 7 5
231 -1 54 1 1 37 1
227 -1 1 -1 1 1 1
227 -1 1 1 -1 1 -1
227 -1 1 1 1 194 1
227 -1 167 1 196 -1 181
227 -1 8 1 1 1 -1
227 -1 1 198 1 1 67
227 -1 1 -1 1 1 1
227 -1 1 1 1 152 96
227 -1 1 1 1 1 1
227 -1 -1 -1 1 1 1
230 -1 93 -1 96 1 106
227 -1 1 140 -1 1 1
227 -1 1 1 1 1 1
227 -1 1 1 39 1 1
227 -1 1 140 178 1 1
227 -1 1 1 -1 1 3
227 -1 1 1 1 1 1
227 -1 1 1 1 96 216
227 -1 -1 1 -1 1 -1
227 -1 163 194 1 1 1
227 -1 1 1 1 86 1
229 -1 182 1 1 1 1
227 -1 1 1 210 84 1
227 -1 1 1 1 1 1
227 -1 -1 1 1 1 1
227 -1 1 1 193 77 1
227 -1 1 1 1 -1 -1
227 -1 1 -1 1 -1 1
227 -1 1 1 142 -1 1
227 -1 1 -1 1 73 1
227 -1 1 1 1 1 1
228 -1 39 70 1 -1 -1
3 86135 233651 208534 723660 579852 503457
0 994503 284976 328506 709305 17911 828914
1 788325 130867 220521 501011 245000 9531
1 410260 810208 257708 674194 752610 646447
3 349457 933690 33753 472238 653848 816916
3 120000 825844 941611 550277 280938 974852
2 800361 944069 695751 852996 342682 815755
2 872121 8393 539979 101440 800298 123653
4 117182 822453 565169 987154 680636 793092
3 724915 552274 538994 12611 646107 204342
1 531465 206865 940244 933396 534661 547469
2 765001 889045 621835 667771 853514 159734
4 190410 362655 376014 377254 993541 343606
3 231800 396410 984688 37776 175642 37016
2 504735 119993 391034 143268 580548 611182
0 203458 596041 947697 662980 934333 195424
3 8271 459806 643697 549620 827239 860385
3 121380 675695 288011 94507 980234 42755
2 352067 219757 675119 728666 295804 321021
0 540785 79264 744864 574916 548477 867525
3 628313 411746 157407 987434 88016 779843
4 712099 749028 534417 40026 619572 186899
0 935883 695383 572057 376724 561681 841812
3 657847 666303 470581 844152 896655 351831
0 569476 411158 448643 325289 430949 170819
0 205961 702341 921021 368195 871823 965723
4 573270 517300 306714 737156 341150 676406
2 674814 882760 539784 353044 410161 238760
4 866437 209761 30812 334488 658655 537996
3 516958 55722 284300 939556 52749 376797
2 682834 823628 73168 910452 873726 690013
0 314171 573024 194547 423183 428583 998599
1 925665 8673 709881 405305 679304 769775
21 11 5
231 -1 1 102 -1 1 -1 116 217 -1 116
227 -1 1 1 1 1 -1 116 116 116 116
227 -1 1 1 1 1 -1 116 116 116 116
227 -1 1 1 1 1 -1 116 116 116 116
227 -1 1 86 6 1 -1 116 201 121 116
227 -1 1 -1 1 1 -1 116 -1 116 116
227 -1 13 1 1 1 -1 128 116 116 116
230 -1 1 1 1 30 -1 116 116 116 145
227 -1 1 -1 1 1 -1 116 -1 116 116
227 -1 1 1 1 1 -1 116 116 116 116
227 -1 1 1 1 1 -1 116 116 116 116
227 -1 1 8 1 -1 -1 116 123 116 -1
227 -1 1 1 3 8 -1 116 116 118 123
227 -1 1 1 1 1 -1 116 116 116 116
229 -1 1 1 1 1 -1 116 116 116 116
227 -1 1 1 1 1 -1 116 116 116 116
227 -1 1 1 1 1 -1 116 116 116 116
227 -1 1 79 1 -1 -1 116 194 116 -1
227 -1 1 1 -1 -1 -1 116 116 -1 -1
227 -1 1 31 1 1 -1 116 146 116 116
228 -1 1 1 1 1 -1 116 116 116 116
4 129735 866698 695152 854148 216858 659812 890573 107257 867498 111710
0 32025 657976 464126 416746 809949 731120 821628 223637 38879 301316
3 847004 280952 236621 365050 964791 731803 270820 315222 888230 445032
1 275975 147910 438006 528932 380352 89492 865757 832142 158275 486036
3 748103 221672 900881 427907 549494 206382 182822 558853 523747 790643
2 157100 210820 285477 627056 941268 338168 46274 318866 760941 764598
0 192891 532530 615407 871154 724911 834767 78228 542642 814783 694805
1 455922 158050 30366 290923 850154 754188 619396 300930 124929 198910
1 836167 992110 936895 900188 546249 744779 279716 539427 726566 73667
1 893973 131871 602889 59937 645260 208862 590449 726152 876020 916025
4 443123 379822 339577 216896 953129 196436 2226 307259 389331 950351
0 488222 325801 442491 511306 440051 556115 697837 458324 893518 435939
1 406222 778357 381418 859150 900443 811559 187411 3337 757514 8944
2 169860 487445 228653 720607 824114 463015 689833 710203 485165 379131
2 480727 698167 526306 317410 413830 55889 639566 392689 207916 877187
4 751744 890592 613604 852057 421425 159035 868508 991764 216866 570229
1 644949 906844 725930 473612 419814 303926 45872 405157 637729 171850
3 629160 553883 261548 837382 32728 229053 591188 807088 835378 745950
2 864280 332484 465592 958044 296595 699413 756124 243250 385327 699675
0 351191 140431 132049 760397 659199 293674 904569 125898 969987 970831
1 122376 185432 430442 421259 611193 681048 119739 701812 678419 445024
21 11 5
231 -1 16 1 1 1 -1 131 116 116 116
227 -1 1 1 1 1 -1 116 116 116 116
227 -1 1 -1 1 -1 -1 116 -1 116 -1
227 -1 1 1 1 1 -1 116 116 116 116
227 -1 -1 1 1 1 -1 -1 116 116 116
227 -1 1 56 1 1 -1 116 171 116 116
227 -1 1 50 1 16 -1 116 165 116 131
230 -1 1 1 1 1 -1 116 116 116 116
227 -1 1 1 1 1 -1 116 116 116 116
227 -1 1 1 1 1 -1 116 116 116 116
227 -1 1 1 1 64 -1 116 116 116 179
227 -1 1 1 1 1 -1 116 116 116 116
227 -1 1 1 1 1 -1 116 116 116 116
227 -1 1 1 1 1 -1 116 116 116 116
229 -1 1 1 1 1 -1 116 116 116 116
227 -1 1 1 1 1 -1 116 116 116 116
227 -1 87 -1 1 1 -1 202 -1 116 116
227 -1 1 1 1 -1 -1 116 116 116 -1
227 -1 1 1 1 18 -1 116 116 116 133
227 -1 1 107 89 1 -1 116 222 204 116
228 -1 1 1 1 1 -1 116 116 116 116
1 55463 46508 842098 41282 162763 328029 41587 79068 111255 665040
4 817364 78991 189290 64589 443470 88740 40556 411614 85987 501794
1 511542 251602 705126 95371 690567 282572 131967 750795 975880 85598
1 688734 920078 521765 710328 556821 535307 744321 517260 167421 802496
2 454119 814672 304308 735414 504845 476226 656264 39493 620314 827073
1 913331 380765 705732 656782 441797 671102 395965 111977 377056 796579
0 969969 219196 933603 86180 247419 973488 344448 155409 910993 705165
1 762397 183325 638976 237280 290157 344741 865158 182245 41732 916622
3 477038 567944 119386 482446 158372 687411 252712 426423 743872 824760
0 256557 994002 297498 748651 768097 333123 83278 156844 270211 58160
3 967150 466642 560072 372516 444406 560745 569760 709943 954625 698089
2 202769 229773 860161 523394 839868 526041 367230 90092 657643 224913
4 253241 912092 465301 554872 842544 77134 893012 868371 313960 958649
0 571384 304215 33919 414446 498698 351058 589116 869887 53573 349823
3 680568 75602 683671 536994 593962 263574 756593 428862 436618 751030
0 227433 22017 894916 640488 203603 554905 878074 979657 625615 879946
2 942467 235379 870466 439123 786414 895575 848749 615079 790433 895088
4 690527 148421 249475 177335 172712 137262 145076 166203 703567 128612
0 396600 344650 803681 848609 795086 618284 597660 965897 763635 807302
4 458945 875237 591636 364042 644572 874057 220070 147071 309515 563376
2 39074 73559 841401 480080 167670 770936 444540 987405 521877 910820
17 13 5
221 -1 -1 -1 60 -1 -1 -1 133 -1 -1 -1 206
217 -1 72 1 1 -1 145 74 74 -1 218 147 147
217 -1 9 1 1 -1 82 74 74 -1 155 147 147
217 -1 1 1 1 -1 74 74 74 -1 147 147 147
217 -1 1 1 1 -1 74 74 74 -1 147 147 147
220 -1 -1 72 -1 -1 -1 145 -1 -1 -1 218 -1
217 -1 1 1 1 -1 74 74 74 -1 147 147 147
217 -1 1 1 54 -1 74 74 127 -1 147 147 200
217 -1 42 -1 1 -1 115 -1 74 -1 188 -1 147
217 -1 -1 1 1 -1 -1 74 74 -1 -1 147 147
219 -1 22 1 1 -1 95 74 74 -1 168 147 147
217 -1 1 -1 1 -1 74 -1 74 -1 147 -1 147
217 -1 1 1 1 -1 74 74 74 -1 147 147 147
217 -1 1 37 1 -1 74 110 74 -1 147 183 147
217 -1 -1 1 1 -1 -1 74 74 -1 -1 147 147
217 -1 45 1 1 -1 118 74 74 -1 191 147 147
218 -1 1 1 1 -1 74 74 74 -1 147 147 147
3 883524 633590 590720 291133 361543 918559 895292 755679 524763 249867 450642 295603
0 260623 183983 547183 202468 481084 464036 809777 327034 900179 447251 790731 264787
3 727105 474148 584214 966120 6704 545605 201924 94332 945117 579702 158553 323567
0 813441 210834 903910 582625 935693 315716 451589 579134 132309 182305 799465 592683
0 577617 179361 236726 324782 338434 421920 285397 454447 189778 37317 331082 367067
2 936363 84369 221442 358698 224808 374850 852285 346636 933320 266666 118380 531853
3 723027 443342 3918 416227 433589 371242 648976 256816 23588 348230 618825 200865
4 450170 245407 944996 730091 39560 503586 760857 142303 462128 329667 650012 754193
4 845525 494515 537166 507042 263168 556582 668963 31991 723108 325434 283836 983366
0 167861 4296 273895 835934 385704 893952 40749 491804 855597 711216 124773 365834
0 451421 818337 302825 97575 89859 77624 966952 795724 86268 409274 36389 792717
2 115519 293156 528143 646027 99831 258085 816883 417962 137359 90892 158079 23161
1 764800 202744 293838 524451 662004 285833 349470 747624 422483 703863 959898 224667
0 130474 893298 943941 405741 787582 3355 965701 598216 403211 528197 767453 664409
1 752451 315965 817320 86048 364407 756851 744239 148600 190507 886510 974016 291284
4 842059 357891 942058 207716 517588 810941 928261 481903 246696 227885 915467 342026
0 309177 163463 644497 644645 975463 424406 975154 274918 222598 498347 763643 74830
17 13 5
221 -1 1 1 1 -1 74 74 74 -1 147 147 147
217 -1 1 1 1 -1 74 74 74 -1 147 147 147
217 -1 1 1 1 -1 74 74 74 -1 147 147 147
217 -1 55 38 1 -1 128 111 74 -1 201 184 147
217 -1 1 1 1 -1 74 74 74 -1 147 147 147
220 -1 1 1 1 -1 74 74 74 -1 147 147 147
217 -1 1 1 59 -1 74 74 132 -1 147 147 205
217 -1 1 1 1 -1 74 74 74 -1 147 147 147
217 -1 1 1 1 -1 74 74 74 -1 147 147 147
217 -1 1 1 1 -1 74 74 74 -1 147 147 147
219 -1 1 1 1 -1 74 74 74 -1 147 147 147
217 -1 1 1 1 -1 74 74 74 -1 147 147 147
217 -1 1 1 1 -1 74 74 74 -1 147 147 147
217 -1 1 1 1 -1 74 74 74 -1 147 147 147
217 -1 -1 1 1 -1 -1 74 74 -1 -1 147 147
217 -1 1 15 1 -1 74 88 74 -1 147 161 147
218 -1 1 1 1 -1 74 74 74 -1 147 147 147
3 964692 643648 331804 240396 499279 417753 173516 367790 774975 357555 580901 621665
4 19280 964326 595869 33847 232437 557844 314974 956125 271426 397358 260679 730902
4 407267 13373 869590 77904 287883 166480 390896 931680 414797 670918 266045 496073
3 164983 548925 484957 565937 875225 468958 925626 697956 317842 659121 62234 607603
4 543286 734454 418195 731410 158476 208999 189517 962979 881352 491446 156799 26054
0 932869 319761 608032 945823 746595 919290 333632 662711 724592 176378 857701 924239
3 872570 285968 326101 652077 127707 686909 681849 548732 764179 246319 640782 655572
1 214569 802113 380596 756177 403736 504472 651682 289843 491605 126922 674786 109212
1 821142 682491 433072 338798 944402 703212 352659 894914 172598 731528 401903 193119
0 856006 201967 778924 693537 574877 129805 426146 542761 564129 541381 933622 173854
0 325343 307414 886138 40274 76327 507033 429513 297792 84359 166969 862777 370820
0 710920 366227 927595 84877 625826 493821 204248 885479 458215 248839 570160 19119
1 922226 891292 214443 13500 555917 396345 779313 734281 642532 265474 322091 470532
0 701713 417543 643099 856645 207660 539734 719506 249438 743707 939362 491987 306523
0 939542 287212 395999 722741 429551 425070 957732 942462 512203 866598 991676 48245
0 17557 656914 36783 563580 571521 365601 141070 26446 14834 493162 413036 727588
3 977426 886308 813409 818490 396999 690461 397447 98510 586277 462138 652461 115529
