5
33 7 5
231 -1 180 -1 1 1 141
227 -1 1 1 1 1 1
227 -1 1 226 -1 -1 87
227 -1 1 186 1 1 1
227 -1 1 1 1 70 1
227 -1 1 97 1 44 172
227 -1 1 1 1 1 -1
227 -1 1 1 25 1 -1
227 -1 64 1 -1 -1 1
227 -1 1 1 1 1 68
227 -1 1 -1 1 1 1
230 -1 157 1 1 1 153
227 -1 177 1 1 -1 1
227 -1 -1 1 -1 1 -1
227 -1 1 1 1 1 1
227 -1 1 1 147 1 1
227 -1 1 1 223 1 1
227 -1 1 1 1 1 1
227 -1 89 -1 1 1 72
227 -1 1 -1 64 1 29
227 -1 -1 -1 48 1 1
227 -1 1 1 143 88 1
229 -1 1 1 69 1 96
227 -1 1 -1 1 1 1
227 -1 1 125 1 1 181
227 -1 91 144 1 1 1
227 -1 131 1 1 181 1
227 -1 223 1 1 182 -1
227 -1 1 1 1 208 1
227 -1 40 141 1 1 -1
227 -1 1 1 225 159 1
227 -1 1 -1 1 1 1
228 -1 8 1 1 1 1
1 724120 472062 935365 818176 763707 635218
4 885601 269797 461098 336742 978480 137391
2 180114 776906 998656 450625 243614 528422
0 190890 549254 38630 41332 602751 167581
4 417831 440764 183612 430972 21145 19638
0 975652 679488 391055 435560 667896 513847
1 995974 876572 543564 925808 65424 738463
4 578597 350964 394464 107939 327301 160861
1 757534 766775 890053 170819 270970 346036
4 420327 340665 947649 824808 126626 404852
1 405850 975262 871000 42741 384649 900742
2 906254 851604 716356 161408 501332 561488
1 587474 57144 280671 418838 709315 298224
4 572149 925269 747374 378798 989318 235874
3 914322 769712 185738 303846 521471 858767
3 914440 841958 652494 298340 688691 162339
3 914693 572280 721575 132970 65892 298793
1 237363 861461 39823 451318 755846 538344
1 703322 168962 339423 472000 739107 696654
0 225246 781638 152064 291039 444549 979572
1 407085 201668 158095 339019 630477 446852
3 321900 104047 902465 359059 554053 49693
0 583842 436758 277585 203485 442302 451221
4 36038 398082 228631 232614 149548 557142
0 971620 465679 523836 267615 283602 693187
4 509452 924156 134128 690158 906281 621200
0 276896 558612 280834 998513 285826 742532
1 874874 744900 826822 428728 103173 242189
3 717716 664835 689357 862224 906992 875553
0 31867 327521 901245 231835 826860 822349
4 298287 283284 557944 353108 228449 444402
4 299371 780677 123918 722116 184930 600679
4 443001 853788 332200 914049 644042 575769
21 11 5
231 -1 1 -1 1 1 -1 116 -1 116 116
227 -1 1 1 1 1 -1 116 116 116 116
227 -1 1 1 36 -1 -1 116 116 151 -1
227 -1 1 1 1 1 -1 116 116 116 116
227 -1 86 -1 1 1 -1 201 -1 116 116
227 -1 1 1 1 27 -1 116 116 116 142
227 -1 1 1 1 1 -1 116 116 116 116
230 -1 65 1 1 1 -1 180 116 116 116
227 -1 1 1 56 1 -1 116 116 171 116
227 -1 1 104 1 1 -1 116 219 116 116
227 -1 1 1 1 1 -1 116 116 116 116
227 -1 1 1 1 25 -1 116 116 116 140
227 -1 1 42 1 1 -1 116 157 116 116
227 -1 1 1 1 1 -1 116 116 116 116
229 -1 100 1 -1 1 -1 215 116 -1 116
227 -1 1 1 1 1 -1 116 116 116 116
227 -1 -1 16 1 85 -1 -1 131 116 200
227 -1 1 1 1 1 -1 116 116 116 116
227 -1 1 1 1 1 -1 116 116 116 116
227 -1 1 57 1 1 -1 116 172 116 116
228 -1 1 1 1 1 -1 116 116 116 116
3 571454 875925 917374 156944 862838 420894 652014 232427 961317 584511
0 699144 285505 573325 985810 165445 296802 39071 127221 515189 870835
4 968536 798753 345423 567758 786472 477462 325363 237373 859204 135466
4 796018 706670 701570 337569 466546 317650 605929 932696 285344 937744
2 298386 573286 964659 443110 644624 972237 335348 741355 270584 697721
4 703499 881206 1816 924529 904513 682385 551195 339214 833655 965436
1 381819 507436 449726 29768 974494 492693 763513 368571 202393 925497
4 270913 181225 91872 532976 87336 718115 245823 699460 62083 343032
4 432886 675337 877332 640311 345109 695094 30048 253444 644592 114681
2 972174 378112 682808 943803 739995 925669 742960 342729 479555 384445
4 141180 880358 573334 365037 452185 893562 256931 213846 27791 111432
3 727624 984850 778414 768821 791758 655453 175286 482358 553227 100960
2 151494 201285 317050 773363 728436 321739 286054 90288 933734 703092
3 398660 172435 9391 180917 742511 726040 176225 151888 49760 953567
0 667822 457913 687531 797043 650098 413350 532654 95372 40315 542322
2 796650 786547 742182 933765 946951 528922 7271 715939 280965 601539
1 350125 64980 986142 889902 798147 302343 231685 450073 447549 806160
2 165110 891350 906772 168676 194361 272681 812623 240209 794518 625100
0 172263 905332 886236 448581 756711 153511 393318 759991 131566 137817
2 337949 351155 299078 953990 622711 778210 442829 76581 2528 753169
1 381386 326468 679231 606944 664179 458423 95040 235998 432241 916576
21 11 5
231 -1 8 1 1 1 -1 123 116 116 116
227 -1 1 1 1 59 -1 116 116 116 174
227 -1 1 1 1 1 -1 116 116 116 116
227 -1 1 1 1 66 -1 116 116 116 181
227 -1 1 1 52 1 -1 116 116 167 116
227 -1 1 1 1 1 -1 116 116 116 116
227 -1 -1 1 1 -1 -1 -1 116 116 -1
230 -1 1 1 -1 -1 -1 116 116 -1 -1
227 -1 1 1 1 1 -1 116 116 116 116
227 -1 1 1 1 1 -1 116 116 116 116
227 -1 50 1 1 1 -1 165 116 116 116
227 -1 -1 79 1 1 -1 -1 194 116 116
227 -1 1 1 1 1 -1 116 116 116 116
227 -1 20 1 1 1 -1 135 116 116 116
229 -1 1 1 1 1 -1 116 116 116 116
227 -1 1 71 1 1 -1 116 186 116 116
227 -1 -1 1 1 1 -1 -1 116 116 116
227 -1 1 1 1 1 -1 116 116 116 116
227 -1 1 1 1 1 -1 116 116 116 116
227 -1 26 1 1 1 -1 141 116 116 116
228 -1 1 96 1 46 -1 116 211 116 161
2 274086 542126 617951 603315 813538 452482 237710 346340 772965 368673
4 521070 92866 42336 772041 870795 242266 188300 39776 189234 925922
2 879990 5723 574145 374454 597075 318692 975737 805755 90139 186694
3 772503 998382 211862 533975 648941 725031 965204 142678 800738 704570
2 82246 645388 545818 106866 633774 516129 473741 384353 723076 931643
0 197851 234187 177083 798134 724263 750728 485257 94578 948815 973338
1 507874 944087 532888 356009 987857 655146 638668 813285 807162 345886
2 911963 276993 443773 347123 307591 856335 171065 249144 841505 631118
0 659918 964606 81131 214177 272123 408023 995676 661004 322215 243258
2 801185 591867 90788 986389 862961 544615 10032 184416 934963 672808
1 813996 890334 335752 857204 438712 880361 943934 868025 568907 885584
3 458082 752984 89560 950549 896748 939999 802149 437151 720122 215397
3 644684 828681 663250 571434 908264 407157 229630 910064 620431 741227
0 960737 23235 418107 466149 3829 703901 230585 509839 365062 101448
3 811017 147509 348501 327122 675027 290970 36927 932970 900923 185389
2 166092 451160 264224 802900 694154 577494 318412 547882 549845 490845
1 609674 114960 331142 12557 948766 996518 549996 887417 979540 854277
1 121898 904247 795351 300457 744190 904543 333699 899306 288876 164425
2 137050 321114 821005 30981 20324 991556 313705 592234 430638 376494
0 241744 795880 334269 36006 383731 938929 563777 860401 854207 172216
3 25641 825853 47052 480214 21340 745935 781525 374360 30156 976332
17 13 5
221 -1 1 1 -1 -1 74 74 -1 -1 147 147 -1
217 -1 1 -1 1 -1 74 -1 74 -1 147 -1 147
217 -1 24 1 1 -1 97 74 74 -1 170 147 147
217 -1 1 1 1 -1 74 74 74 -1 147 147 147
217 -1 1 1 1 -1 74 74 74 -1 147 147 147
220 -1 1 1 1 -1 74 74 74 -1 147 147 147
217 -1 -1 66 -1 -1 -1 139 -1 -1 -1 212 -1
217 -1 1 1 1 -1 74 74 74 -1 147 147 147
217 -1 1 -1 1 -1 74 -1 74 -1 147 -1 147
217 -1 1 1 1 -1 74 74 74 -1 147 147 147
219 -1 1 1 1 -1 74 74 74 -1 147 147 147
217 -1 1 1 40 -1 74 74 113 -1 147 147 186
217 -1 1 56 -1 -1 74 129 -1 -1 147 202 -1
217 -1 1 1 1 -1 74 74 74 -1 147 147 147
217 -1 1 1 1 -1 74 74 74 -1 147 147 147
217 -1 24 1 1 -1 97 74 74 -1 170 147 147
218 -1 1 1 1 -1 74 74 74 -1 147 147 147
0 56570 420198 707350 114727 485780 59338 443171 752105 908048 813600 404142 692668
0 188671 141778 740912 36360 474517 74563 477527 706207 282589 283614 787947 777374
2 53388 518633 478786 15625 627456 450490 793704 125167 460624 637014 314211 472091
3 822687 919021 345266 129552 813793 384174 404405 678009 96978 157185 903634 469437
4 848248 644558 202682 933519 385596 891512 803258 545875 347842 548942 983931 869963
1 993881 206891 669717 207467 377967 626534 285306 48891 139494 526622 861028 636887
4 400145 218903 317746 749640 563795 687347 192397 96654 548833 865296 13946 455626
2 529186 844681 275046 515356 409867 215248 315671 43048 941242 200266 185 104153
4 46379 47616 35797 26739 601649 138127 459862 583942 527064 966295 50658 190609
4 496138 1534 9579 977026 746959 764929 586673 80778 595219 678362 366038 974341
1 108060 154729 838720 331586 49926 239584 299210 831006 443016 696017 799238 80269
1 309417 937889 835434 666490 673645 878713 367808 131660 318937 897778 513711 442266
2 761012 82900 263368 832657 631645 298626 980857 386887 914223 163226 831565 176889
0 989509 601005 989368 655980 16742 678533 30475 55735 404257 351386 932879 128419
3 602398 184339 453040 562034 191232 403402 263878 787185 537288 469923 301853 932852
0 222022 548924 48260 535131 615015 56793 193953 352522 411337 243341 923831 237400
2 897857 275063 664255 600913 388111 18478 986486 652159 837875 838034 608611 572546
17 13 5
221 -1 1 1 1 -1 74 74 74 -1 147 147 147
217 -1 -1 1 1 -1 -1 74 74 -1 -1 147 147
217 -1 -1 1 45 -1 -1 74 118 -1 -1 147 191
217 -1 28 1 -1 -1 101 74 -1 -1 174 147 -1
217 -1 1 1 -1 -1 74 74 -1 -1 147 147 -1
220 -1 1 1 1 -1 74 74 74 -1 147 147 147
217 -1 1 -1 29 -1 74 -1 102 -1 147 -1 175
217 -1 1 1 1 -1 74 74 74 -1 147 147 147
217 -1 1 1 1 -1 74 74 74 -1 147 147 147
217 -1 1 1 -1 -1 74 74 -1 -1 147 147 -1
219 -1 1 1 73 -1 74 74 146 -1 147 147 219
217 -1 1 -1 46 -1 74 -1 119 -1 147 -1 192
217 -1 1 1 -1 -1 74 74 -1 -1 147 147 -1
217 -1 1 1 1 -1 74 74 74 -1 147 147 147
217 -1 1 1 1 -1 74 74 74 -1 147 147 147
217 -1 50 1 1 -1 123 74 74 -1 196 147 147
218 -1 1 1 -1 -1 74 74 -1 -1 147 147 -1
3 512315 473448 588425 111717 669246 262328 313874 500038 860353 601433 376137 479469
1 526905 703765 913897 355398 713908 160781 566499 495458 563437 31477 9769 198898
3 328936 849012 879649 405630 595153 56765 817249 398497 18823 204791 404506 974977
0 304803 838376 606438 969128 851226 568675 477096 833440 588055 360140 868754 226621
2 424614 137569 128679 488609 345370 931869 754704 927701 235168 18166 196953 839673
4 302370 475737 948529 692580 160385 833992 20243 71678 583421 593617 672241 19183
3 69296 537239 52561 997507 142130 575669 28772 563114 329353 279399 428611 766828
1 575663 394173 107253 824440 609656 711099 6878 853605 136656 622221 296288 355721
2 309617 209592 693250 519432 668977 686409 17555 107270 421324 280510 629980 528226
4 798752 581874 571943 909565 461972 765359 412197 745254 720540 966136 31872 859895
3 560699 242499 300005 31081 975434 501780 354973 774674 266535 487759 938703 382083
3 536115 129880 163375 702663 84759 657933 886135 734794 543305 74169 842984 236860
2 4371 258886 266705 938591 673451 444403 200876 267018 616678 462709 508782 844484
4 913614 488168 186564 57998 8417 476334 713540 142614 269715 418436 497026 986982
4 100587 604942 110457 111092 576101 600738 681740 538729 965291 386490 99382 994542
1 810269 325686 961366 721967 118158 441464 623638 576249 142063 960311 816330 258887
4 87227 243763 69597 798763 655278 989640 623828 945725 581355 37164 255936 637308
