5
5 6 5
1 -1 1 1 1 1
24 1 1 -1 1 20
1 1 1 8 -1 1
1 1 1 1 1 1
1 1 1 1 25 -1
257212 384098 486215 86012 50222 175900
229366 875002 878469 13642 168174 402654
885522 743622 622740 930101 996230 960090
27619 854450 975911 38944 12437 735128
349946 268481 792465 923031 484830 482766
5 6 5
1 1 1 1 20 1
30 1 -1 1 -1 1
1 1 1 1 1 5
1 1 1 -1 1 1
29 1 28 1 1 1
187102 424268 955992 359345 669626 461527
224465 948632 597723 642957 581347 417968
655250 712324 329433 979769 871783 407987
466435 809184 807791 790360 573338 263832
198276 561875 729249 488651 775053 606222
5 6 5
1 1 -1 11 1 11
1 1 1 1 1 1
1 19 1 1 1 1
1 1 1 1 1 1
13 -1 1 1 1 14
165305 829778 341025 562946 410491 796208
958938 635019 655723 291485 237604 154745
136851 996226 175839 821774 915561 834758
481104 199414 297486 91092 137968 3875
65523 720641 435732 343321 526886 39176
5 6 5
17 -1 1 1 1 1
1 1 17 19 1 1
1 -1 1 -1 1 1
-1 1 -1 1 1 7
5 1 1 1 1 1
731119 17806 664587 76577 938048 698279
273671 448482 165111 436772 417867 367619
693989 177637 803512 17917 611648 442007
448511 263383 618696 217475 644025 648338
356003 612782 834586 773389 460927 234157
5 6 5
23 1 1 -1 -1 -1
-1 1 1 1 1 -1
1 -1 1 -1 1 5
1 1 25 1 -1 -1
24 1 1 1 1 10
968238 458720 662187 586407 508157 937269
808513 44877 685440 156604 105530 614168
986449 463899 185685 347101 404673 858358
269890 583700 993204 185716 729674 506798
27064 410397 203588 382036 409437 807543
