5
2 15 5
1 1 13 1 1 -1 1 1 1 -1 1 1 1 1 8
27 1 1 1 1 1 4 1 1 1 1 -1 22 1 1
690633 976732 485792 102603 368761 548146 545404 584168 106549 947490 492702 485465 872734 945853 182260
385605 566248 580530 53327 559380 671903 985001 759561 382030 132272 870164 270017 343798 100889 896035
2 15 5
1 1 -1 1 1 -1 1 1 1 1 1 1 1 1 1
1 9 1 17 1 1 1 -1 6 1 1 1 17 1 3
293889 530159 978141 42027 609167 495047 73256 170571 976205 204918 332683 564817 376613 476083 357216
127249 935144 146080 254186 359307 494455 369827 896113 945751 825734 388850 689538 251441 733679 705236
2 15 5
1 1 1 1 1 1 29 1 1 1 -1 29 9 -1 26
28 1 1 1 1 -1 29 1 1 1 1 1 1 1 1
37302 249304 895179 532884 145195 822334 623220 586731 607422 957949 464399 781788 121099 385257 565759
458817 150327 88713 786136 895607 744861 234752 600298 898883 830564 209049 687859 977922 54147 944953
2 15 5
14 1 1 1 1 1 1 1 1 -1 1 1 19 1 -1
12 1 1 -1 1 1 1 1 1 16 1 1 1 13 1
799703 816965 814894 374899 550823 750998 774084 289573 553353 199968 958192 573524 533697 71611 22806
823645 295484 734345 998409 661279 809891 630632 653969 881499 480853 856529 480817 14676 631344 451850
2 15 5
27 24 1 1 1 1 1 1 1 -1 1 19 19 1 1
-1 1 1 1 1 1 1 1 1 1 1 1 1 1 15
756707 373048 224063 210299 276719 681860 505198 435568 353243 765038 859178 789305 964387 57943 702521
712551 327888 52364 501545 194144 763152 577548 176296 495984 594628 176360 282889 478137 430539 464662
