5
5 6 5
1 6 1 1 1 1
1 1 1 1 1 1
1 1 1 1 1 1
1 1 1 1 1 10
17 1 27 1 1 1
852192 988773 463659 993763 806669 650606
236354 604618 650603 477570 203245 589817
730330 728988 551810 254005 122066 501983
950330 168122 667904 685058 270941 658587
775184 353688 29451 178985 317563 411364
5 6 5
1 1 7 1 1 1
1 1 1 -1 1 23
-1 1 1 1 1 1
17 1 1 1 1 1
1 1 -1 5 1 1
563437 736415 98794 331277 674151 344499
41785 791113 492458 405886 2005 712421
641104 397526 891829 198675 459524 506832
100823 824652 271951 728673 973681 917622
778384 632590 341284 187798 818988 908170
5 6 5
-1 28 1 1 1 1
1 1 30 1 1 29
1 -1 1 1 1 1
1 1 1 1 1 1
-1 26 1 1 1 1
351593 372425 314207 550520 802063 867691
438839 612864 798782 351250 770061 826488
638690 744568 5278 567008 998903 472254
216198 589468 684169 260473 737297 332944
280013 135886 44438 937741 779026 6635
5 6 5
1 14 1 -1 1 15
1 1 1 1 1 1
-1 1 1 8 1 1
1 1 1 1 1 1
1 1 25 1 1 1
13142 407063 843999 369382 916571 339390
444360 251211 99228 342538 185540 629503
677419 950043 205976 530861 913475 608547
734823 162479 730040 431643 698734 128615
135126 155627 805631 622936 724793 165454
5 6 5
1 21 1 1 1 27
1 -1 1 1 1 1
-1 1 1 1 1 12
1 4 1 4 -1 1
8 1 1 -1 1 -1
981198 701525 111493 793182 809589 758212
381088 223143 731579 584611 570224 950234
52506 477409 935289 366322 506856 341754
21114 369421 371728 307414 765328 860514
480435 270298 666026 909881 797154 546164
