5
33 7 5
231 -1 19 1 136 1 1
227 -1 1 1 -1 -1 50
227 -1 -1 1 1 225 1
227 -1 -1 1 1 1 1
227 -1 1 1 1 1 1
227 -1 230 1 1 1 1
227 -1 1 208 -1 1 29
227 -1 1 1 1 1 1
227 -1 1 1 -1 180 1
227 -1 1 1 85 173 1
227 -1 1 1 -1 1 1
230 -1 1 1 1 1 135
227 -1 1 1 1 1 1
227 -1 1 1 1 1 1
227 -1 1 1 1 1 1
227 -1 1 1 1 107 1
227 -1 1 1 -1 1 1
227 -1 1 1 121 1 1
227 -1 1 1 217 -1 -1
227 -1 1 1 -1 109 1
227 -1 1 1 -1 1 1
227 -1 1 1 1 89 17
229 -1 93 1 1 1 1
227 -1 1 -1 1 -1 1
227 -1 96 1 1 1 1
227 -1 1 1 -1 1 111
227 -1 1 1 197 1 -1
227 -1 187 1 1 191 1
227 -1 9 1 112 1 1
227 -1 1 1 1 1 76
227 -1 30 1 -1 186 1
227 -1 1 194 1 1 1
228 -1 1 1 60 1 107
2 38659 272229 937077 552527 196669 363441
2 986139 293232 336661 506764 223290 72154
1 114073 116863 967089 169576 192408 427958
3 434131 943454 953088 332920 384015 236
1 697683 580626 190719 459108 858075 127126
2 255712 76781 773981 258925 934763 425952
4 559517 985423 500593 301158 823530 979274
3 436070 850512 673507 478987 692589 102088
2 226729 715933 308553 584897 690939 414236
4 744965 331454 928042 509533 652201 741514
0 704169 36866 990851 422519 26115 291851
0 605260 157897 602304 662565 482901 551352
0 419982 700669 44610 949855 249147 449760
4 233581 916053 830069 568905 128004 516828
2 801700 878223 497609 723007 498227 633883
4 358670 288146 426855 721249 109763 342327
2 572642 395333 75882 666789 346969 501009
2 76847 342189 864469 700486 162979 579401
0 968837 247831 389332 108350 814734 659308
1 877080 616631 535190 722119 18525 981780
0 200321 608086 909861 665255 165886 155227
2 123983 325282 483357 741388 848261 774299
1 368895 590277 364910 60243 478307 832624
2 968463 492429 975890 562439 940930 113777
4 714159 267095 619950 110634 683591 618767
3 95811 456020 902723 865499 474337 98820
0 290627 824641 361931 353226 9912 198242
3 581432 196961 179317 11354 446021 225722
2 410402 405685 91935 176122 404487 885856
1 59597 410478 102137 498997 531075 506655
4 778147 676749 133143 545046 931369 105066
4 770039 153012 877602 602016 331913 15222
3 327624 70067 270543 825545 268017 168446
21 11 5
231 -1 1 1 1 1 -1 116 116 116 116
227 -1 29 1 1 1 -1 144 116 116 116
227 -1 1 1 1 -1 -1 116 116 116 -1
227 -1 1 1 1 1 -1 116 116 116 116
227 -1 1 1 1 1 -1 116 116 116 116
227 -1 1 21 1 28 -1 116 136 116 143
227 -1 1 103 1 1 -1 116 218 116 116
230 -1 1 1 1 1 -1 116 116 116 116
227 -1 1 1 1 1 -1 116 116 116 116
227 -1 -1 1 -1 1 -1 -1 116 -1 116
227 -1 1 1 1 1 -1 116 116 116 116
227 -1 1 1 1 1 -1 116 116 116 116
227 -1 1 1 1 1 -1 116 116 116 116
227 -1 1 23 1 1 -1 116 138 116 116
229 -1 1 1 1 1 -1 116 116 116 116
227 -1 100 1 1 1 -1 215 116 116 116
227 -1 -1 1 1 1 -1 -1 116 116 116
227 -1 -1 89 92 1 -1 -1 204 207 116
227 -1 62 -1 1 1 -1 177 -1 116 116
227 -1 65 -1 1 1 -1 180 -1 116 116
228 -1 1 1 1 1 -1 116 116 116 116
1 726134 752388 408100 720843 422764 609042 998952 436635 503585 285697
0 453589 138298 565518 834216 527558 221060 168282 373481 889001 315833
0 454303 952659 187567 313210 836692 502726 977414 89181 899928 269644
2 391640 14220 631933 886054 237731 551059 173325 834226 498830 134859
3 935249 138102 869630 739993 714785 455606 958157 367560 759783 415189
0 951908 943003 828059 657905 537703 557748 211089 308704 911747 279556
1 547371 923766 989451 39823 210145 975883 905984 897165 228247 41675
3 255503 770430 533840 14765 278466 255320 943365 785834 2805 109628
3 871492 64793 930182 880570 931053 798249 147481 976939 941618 272706
1 236449 866895 288608 927116 3158 313214 858421 391457 935468 55043
3 838103 810368 170274 914357 802871 183528 581890 776775 766773 103378
2 495453 758007 212811 7114 851670 536375 840354 146870 761751 354545
3 5163 374856 784694 559578 418132 626300 127398 701659 283001 214864
3 968488 847754 195743 92473 61940 810431 440569 582820 737478 165451
0 280818 306109 903309 214151 893725 73407 465454 174413 437403 363468
0 357640 69381 192351 183017 538585 685421 854228 35197 13478 206638
0 400829 121926 768616 214198 839595 715408 782334 535146 639656 396502
2 847516 237928 471013 538552 486507 425808 35747 237530 993281 619693
4 914557 360892 193528 475067 546377 535039 664484 74971 527386 44708
0 971300 170370 579917 158888 359146 101764 924910 222478 237586 329693
4 8210 969367 774884 749559 451991 378299 715275 529276 609622 472155
21 11 5
231 -1 1 1 101 107 -1 116 116 216 222
227 -1 1 1 107 1 -1 116 116 222 116
227 -1 1 1 -1 1 -1 116 116 -1 116
227 -1 -1 1 1 1 -1 -1 116 116 116
227 -1 1 -1 1 -1 -1 116 -1 116 -1
227 -1 1 1 1 1 -1 116 116 116 116
227 -1 1 1 1 -1 -1 116 116 116 -1
230 -1 1 1 17 1 -1 116 116 132 116
227 -1 67 1 -1 1 -1 182 116 -1 116
227 -1 -1 1 1 -1 -1 -1 116 116 -1
227 -1 1 1 1 1 -1 116 116 116 116
227 -1 60 44 1 1 -1 175 159 116 116
227 -1 1 1 -1 1 -1 116 116 -1 116
227 -1 1 1 1 27 -1 116 116 116 142
229 -1 1 -1 1 -1 -1 116 -1 116 -1
227 -1 1 112 1 1 -1 116 227 116 116
227 -1 1 1 1 1 -1 116 116 116 116
227 -1 1 1 1 1 -1 116 116 116 116
227 -1 43 -1 1 -1 -1 158 -1 116 -1
227 -1 1 1 1 1 -1 116 116 116 116
228 -1 1 42 1 1 -1 116 157 116 116
0 182389 302074 430696 538084 709851 637469 859437 522205 845384 791787
2 521877 542248 769240 427356 946829 288436 237482 876827 73093 476352
3 31186 708379 577833 139096 339487 776059 358570 777326 783009 845510
2 533458 701415 800852 996083 880663 859335 702591 31003 731909 21696
0 198701 956307 510141 131735 135672 510019 960918 293443 143816 376713
0 720431 707840 469343 841735 456548 863768 712737 240058 673980 548561
1 52319 637452 480503 483343 745462 346897 465334 205966 551969 344584
4 134672 766245 21346 121364 758482 23061 228616 960981 969919 893252
3 642625 338289 741931 188487 118605 673787 855701 212652 94752 251049
2 296165 822301 743538 468228 789911 263296 899534 65359 622015 13617
3 179817 267073 116801 39099 442146 439928 892911 131361 952583 65906
1 22404 106234 855902 517442 412132 933205 851245 883636 918314 76
4 823230 400 545707 949475 775091 170524 870562 253588 246442 319319
2 908967 451066 759584 161240 554822 733603 487435 283852 472299 377070
1 876310 628118 654429 188457 416150 557123 299409 752461 369668 882292
3 974638 433126 959881 250113 45681 521695 584979 378061 753765 294386
2 194044 962496 471757 538838 888845 569383 882021 554811 683068 61312
4 844882 691632 526876 709169 583254 280332 954318 333829 993218 308364
0 978348 648382 174747 314660 252664 100856 230878 555277 266921 658100
3 731531 5516 301908 756225 594554 451243 641978 176811 533100 470484
3 406302 860592 507957 712189 583014 743154 18035 90075 989736 610921
17 13 5
221 -1 -1 1 1 -1 -1 74 74 -1 -1 147 147
217 -1 3 1 49 -1 76 74 122 -1 149 147 195
217 -1 1 -1 1 -1 74 -1 74 -1 147 -1 147
217 -1 1 1 1 -1 74 74 74 -1 147 147 147
217 -1 1 48 -1 -1 74 121 -1 -1 147 194 -1
220 -1 1 -1 1 -1 74 -1 74 -1 147 -1 147
217 -1 -1 1 1 -1 -1 74 74 -1 -1 147 147
217 -1 15 1 1 -1 88 74 74 -1 161 147 147
217 -1 1 1 1 -1 74 74 74 -1 147 147 147
217 -1 1 -1 1 -1 74 -1 74 -1 147 -1 147
219 -1 1 -1 31 -1 74 -1 104 -1 147 -1 177
217 -1 1 1 -1 -1 74 74 -1 -1 147 147 -1
217 -1 -1 1 1 -1 -1 74 74 -1 -1 147 147
217 -1 1 57 -1 -1 74 130 -1 -1 147 203 -1
217 -1 57 1 1 -1 130 74 74 -1 203 147 147
217 -1 1 1 1 -1 74 74 74 -1 147 147 147
218 -1 1 59 1 -1 74 132 74 -1 147 205 147
0 322234 613232 979740 79357 396435 939974 55299 378233 416251 747437 529137 789479
3 328244 197146 466382 333161 992159 785962 216380 420201 742438 807130 274128 514133
4 436502 975670 991528 167983 769702 466100 610721 195359 837184 698853 885081 965380
2 176767 228992 570333 307294 842380 987345 652848 212033 340197 367021 960564 142095
0 744802 921159 273760 14474 257482 303322 66395 994834 222838 538793 657627 843851
2 771622 412613 802763 801294 532055 447099 698885 757970 953435 988626 478124 760191
1 285808 205329 365188 936153 368562 46935 330706 275099 373213 571155 214239 414992
0 888702 935947 262891 868483 434946 202064 292088 938949 343030 101615 24500 347145
0 231757 816618 707601 610712 207657 905862 875930 14171 240449 636272 629392 128056
0 559816 886158 852764 810313 836106 889948 389627 820193 225632 731011 222948 557890
2 110287 498323 237841 164922 55561 917310 245534 186139 990334 279319 334238 881667
2 569568 337966 611080 236962 651146 625547 150101 720589 946027 872625 158765 247510
2 113727 398104 739493 382401 118106 622836 349616 763298 148162 604648 171093 784767
0 100784 414370 400260 664220 588229 175833 957910 42833 462933 709627 391209 664603
0 955122 993261 180647 55893 19760 964088 672738 343897 244827 468005 658545 279620
0 38231 289070 168477 82051 811813 642049 662776 144222 498435 80222 334405 819707
2 660226 169704 648457 442215 769168 590873 161361 926105 241139 672967 208980 68106
17 13 5
221 -1 1 1 48 -1 74 74 121 -1 147 147 194
217 -1 1 1 1 -1 74 74 74 -1 147 147 147
217 -1 1 -1 1 -1 74 -1 74 -1 147 -1 147
217 -1 1 1 1 -1 74 74 74 -1 147 147 147
217 -1 1 -1 1 -1 74 -1 74 -1 147 -1 147
220 -1 1 1 62 -1 74 74 135 -1 147 147 208
217 -1 59 1 1 -1 132 74 74 -1 205 147 147
217 -1 1 1 1 -1 74 74 74 -1 147 147 147
217 -1 1 1 1 -1 74 74 74 -1 147 147 147
217 -1 -1 39 1 -1 -1 112 74 -1 -1 185 147
219 -1 1 1 1 -1 74 74 74 -1 147 147 147
217 -1 57 -1 1 -1 130 -1 74 -1 203 -1 147
217 -1 1 1 1 -1 74 74 74 -1 147 147 147
217 -1 1 1 1 -1 74 74 74 -1 147 147 147
217 -1 1 -1 1 -1 74 -1 74 -1 147 -1 147
217 -1 1 20 1 -1 74 93 74 -1 147 166 147
218 -1 1 1 1 -1 74 74 74 -1 147 147 147
4 913529 550986 764272 864383 237180 335901 662328 32452 747439 203786 385895 667742
1 362296 169496 718148 790940 774702 19431 547505 394124 875051 755224 5831 45222
0 365503 879690 34916 564351 398394 738258 47447 687097 763183 939376 733374 295854
4 747744 816462 868436 4252 880860 749570 368454 245988 404517 593630 46580 497793
1 751890 584910 99192 393407 778163 504942 272367 596827 18108 774662 336013 507280
1 248505 118966 901834 765834 90946 434406 604435 788000 453890 963298 955613 286355
2 434943 342799 497803 825323 647982 375282 697984 762914 616985 192377 343965 912623
0 133187 57090 118711 557788 301812 17248 605690 323805 853645 955093 988204 409293
0 15234 493620 669600 540305 708005 518532 149081 322567 746198 648127 658250 230911
2 520805 881808 584072 133165 489591 991806 208985 841476 331676 531443 645632 969206
3 496248 941125 753125 833238 610537 767806 284221 27051 2998 568581 101749 880741
3 280188 86448 942497 887640 985901 373349 164231 572925 909417 309101 661061 230020
1 455438 965201 243733 21439 706691 49875 486103 814674 264058 957155 810100 433215
0 691605 671601 203672 483429 882270 881716 32779 101366 840327 917797 323889 37022
1 466225 460232 401993 313100 803209 340821 468259 645493 104688 304432 37879 425271
2 873009 127236 786999 386839 429467 409179 817217 477268 716531 612397 55120 599315
0 211340 113960 174244 344709 458158 949779 755489 794074 765448 238390 480715 510869
