999
457 881 98 392 786 98
457 583 658 895 534 658
392 534 682 392 938 311
392 938 311 392 786 658
545 881 658 545 138 412
951 881 658 895 881 682
392 938 231 545 938 412
457 881 682 895 881 658
392 138 231 457 786 231
457 583 682 895 534 682
895 583 231 392 138 231
545 938 658 951 938 412
895 534 658 895 881 412
35 138 231 545 881 231
35 786 658 392 786 231
951 138 231 457 138 658
895 786 231 392 786 311
545 583 98 457 583 231
895 138 658 457 138 412
35 138 311 35 583 98
545 786 311 392 786 682
895 138 682 457 938 682
35 138 98 895 786 98
545 938 311 545 138 682
35 786 658 545 534 658
392 786 658 895 881 658
35 881 658 545 938 658
457 881 412 457 138 682
895 583 658 895 534 231
35 138 231 545 938 231
545 583 658 545 534 682
457 786 658 545 881 658
951 534 658 457 938 658
35 938 412 545 938 658
545 881 231 457 881 311
35 881 658 35 138 231
457 138 658 457 881 682
545 786 231 545 138 311
895 138 682 951 881 682
35 583 412 895 583 658
392 881 682 392 583 658
35 534 412 35 881 658
392 534 311 392 938 682
951 534 231 951 138 98
895 583 682 545 583 311
35 881 658 457 138 658
35 786 658 951 938 658
895 534 412 545 534 98
895 534 682 895 138 311
457 786 98 392 881 98
457 534 311 392 534 682
895 786 231 545 786 658
457 583 311 457 138 658
35 938 231 35 138 98
895 138 98 951 138 682
951 938 98 951 786 231
895 138 231 457 138 658
35 786 98 951 583 98
392 138 311 545 786 311
35 534 231 951 534 658
392 881 98 392 786 682
895 938 412 35 786 412
457 938 98 895 938 658
457 881 311 545 881 231
545 938 658 545 583 98
392 786 98 392 938 231
35 583 98 35 938 231
951 583 412 895 938 412
457 583 98 457 938 231
35 534 682 35 583 658
392 786 231 951 881 231
951 583 682 951 881 311
951 138 311 457 938 311
392 881 231 392 534 658
895 138 231 895 881 311
951 786 311 35 881 311
392 938 412 392 583 98
545 138 682 35 138 231
35 534 412 35 938 231
392 938 98 392 534 412
545 881 98 457 881 682
392 583 682 545 583 98
545 786 658 392 138 658
392 786 231 35 881 231
545 881 682 545 938 98
951 583 658 951 534 311
457 881 682 35 881 98
951 881 658 35 881 682
895 583 412 895 534 682
35 786 311 392 938 311
392 786 98 392 881 231
895 583 98 35 583 412
392 786 682 392 881 658
35 881 231 457 583 231
35 881 231 545 786 231
895 786 682 895 583 412
457 138 412 457 938 658
895 534 658 545 881 658
457 938 412 392 583 412
457 881 658 35 881 311
545 583 682 392 583 311
951 786 98 392 938 98
951 786 412 545 786 98
951 583 412 392 938 412
545 881 98 392 534 98
951 938 658 392 938 231
392 938 311 392 138 682
457 881 682 35 534 682
895 534 682 545 534 231
545 881 682 457 583 682
392 881 658 895 881 412
457 138 98 457 534 412
545 881 231 951 534 231
392 938 412 895 881 412
951 583 658 951 534 98
951 138 682 35 138 412
35 534 682 35 583 658
392 138 412 951 881 412
951 881 682 951 583 412
392 786 682 545 786 231
951 786 658 951 938 412
545 881 231 457 138 231
392 786 231 392 138 98
392 938 412 392 881 658
545 938 658 545 583 98
545 138 98 895 786 98
951 938 98 392 938 412
895 881 682 457 583 682
545 938 311 35 938 231
35 938 98 457 583 98
951 138 682 895 786 682
951 534 658 951 938 311
545 881 412 35 583 412
895 786 311 545 786 412
457 534 231 545 938 231
457 534 412 895 938 412
951 786 658 895 534 658
457 786 98 545 534 98
895 938 658 392 938 682
545 138 658 457 138 311
951 881 231 35 786 231
35 786 682 895 881 682
895 881 231 35 881 682
895 138 412 895 881 658
951 534 311 951 938 412
951 938 98 951 138 311
392 938 231 457 938 311
545 786 658 545 138 311
895 881 682 392 583 682
545 534 98 545 786 682
35 534 311 951 534 231
951 583 412 951 881 231
35 138 682 35 583 311
457 881 231 895 881 682
951 881 231 951 534 98
35 786 412 951 938 412
545 786 98 392 938 98
951 583 412 951 881 231
457 138 412 951 138 231
951 583 311 392 583 231
951 881 311 545 881 682
895 786 658 35 938 658
35 786 658 35 583 98
895 583 311 457 583 412
35 938 682 392 138 682
392 534 311 951 534 412
545 786 412 35 786 231
392 881 311 392 938 412
895 534 412 895 881 231
951 138 98 392 534 98
35 938 682 951 138 682
951 138 412 951 938 311
895 938 658 895 881 311
392 534 98 392 881 658
895 881 311 895 583 412
895 138 412 895 534 98
392 583 412 951 583 682
951 138 412 951 583 682
457 138 231 895 938 231
457 938 98 895 583 98
457 786 412 392 786 658
392 881 98 392 138 231
895 138 231 895 881 412
545 786 682 545 938 98
392 938 231 545 938 682
35 583 658 895 881 658
895 534 231 35 534 311
951 534 682 35 534 311
457 938 98 35 938 231
545 534 231 951 786 231
895 583 682 392 583 98
35 786 658 35 938 311
392 786 682 457 786 658
951 938 682 951 881 231
35 881 658 895 583 658
545 583 98 35 138 98
545 881 682 457 881 658
392 138 412 392 938 231
392 138 412 392 583 658
895 938 311 392 138 311
545 534 98 457 534 231
35 534 682 35 786 658
545 583 412 457 534 412
457 881 311 951 786 311
895 938 231 895 786 658
545 534 658 545 786 231
951 786 682 392 786 98
895 583 98 392 583 231
545 881 682 392 881 311
457 938 682 951 881 682
392 786 658 392 881 412
35 138 682 545 881 682
895 786 682 895 583 658
392 583 412 392 786 231
951 881 658 545 938 658
392 534 311 35 881 311
457 786 682 457 534 311
392 138 682 392 881 98
457 786 682 951 786 231
545 138 231 392 583 231
951 534 682 392 534 412
35 881 311 35 583 412
35 534 682 35 786 412
545 786 658 545 881 412
392 938 311 951 938 682
457 786 311 545 786 98
457 881 98 895 138 98
545 938 658 35 938 98
392 938 311 35 583 311
895 138 231 392 938 231
35 786 311 951 786 658
951 534 98 895 786 98
392 583 98 35 786 98
951 138 231 35 138 98
35 583 231 457 583 682
951 786 231 392 138 231
895 583 98 895 138 311
457 938 98 895 938 311
895 881 231 457 138 231
951 583 98 457 138 98
545 534 98 545 881 231
457 138 658 35 138 412
457 938 311 895 534 311
457 938 412 35 938 231
895 534 682 545 534 98
545 534 682 895 534 412
35 583 98 35 938 412
545 583 231 545 786 412
951 786 231 457 786 658
951 534 231 951 583 682
35 938 98 545 881 98
545 881 311 951 881 682
392 786 98 895 583 98
457 138 231 392 938 231
545 786 412 895 786 658
951 786 412 392 138 412
545 938 412 951 534 412
35 938 98 35 138 412
457 138 231 545 786 231
457 534 658 392 534 682
392 786 682 457 138 682
35 881 311 35 138 412
457 938 231 951 938 311
457 881 311 457 938 98
951 138 682 951 938 412
457 583 98 545 583 658
895 583 682 951 583 658
35 583 231 35 881 412
895 583 658 545 583 311
545 583 311 895 583 98
951 138 311 951 583 412
895 534 311 895 786 412
35 786 658 895 786 98
392 138 682 392 534 98
545 881 311 545 534 231
457 881 412 457 938 311
545 583 682 951 534 682
457 786 682 457 881 311
457 138 231 457 881 98
545 881 682 457 786 682
392 938 412 895 786 412
895 786 98 895 881 658
35 786 231 35 583 682
35 938 412 951 786 412
457 881 311 545 881 682
457 138 311 951 138 658
457 534 98 457 138 658
457 786 682 457 583 231
545 534 412 392 881 412
457 881 412 895 786 412
895 138 231 545 534 231
545 534 682 35 534 311
392 534 231 457 138 231
951 786 412 951 881 98
951 534 658 545 786 658
895 938 231 895 881 311
951 534 231 35 138 231
457 938 231 457 138 658
35 534 412 35 938 98
951 534 98 457 938 98
951 938 682 545 938 311
951 138 412 951 786 682
545 534 231 545 583 682
35 786 311 35 138 682
951 583 658 951 138 311
895 534 98 35 786 98
895 583 98 545 583 682
35 938 231 35 138 311
951 534 682 951 583 658
35 786 98 951 534 98
895 881 412 951 881 682
35 534 231 35 583 412
951 881 682 951 938 231
392 138 98 392 938 658
895 534 311 951 534 98
457 534 658 457 786 311
895 938 311 457 583 311
457 938 682 545 938 412
392 138 98 392 938 412
392 138 311 457 138 412
457 786 682 457 881 311
457 881 311 457 138 682
545 786 231 951 534 231
392 786 311 545 138 311
457 534 412 457 938 98
951 534 231 392 938 231
951 138 412 457 938 412
951 938 311 951 881 682
457 881 311 895 881 412
895 881 658 895 534 311
35 138 231 35 534 412
35 786 311 545 138 311
35 881 412 895 534 412
457 583 682 895 583 311
35 786 231 895 534 231
457 138 98 457 534 231
35 938 311 951 534 311
895 938 658 895 786 231
457 786 412 951 938 412
545 786 98 951 786 658
895 138 231 545 881 231
895 881 98 951 583 98
457 938 98 895 938 311
457 881 311 35 786 311
895 881 98 392 881 412
545 534 98 951 534 231
895 786 682 392 583 682
895 938 658 895 583 682
457 583 658 951 881 658
545 938 231 392 534 231
895 138 682 895 534 658
545 881 311 545 938 231
545 534 98 35 534 682
895 534 311 457 534 658
392 786 412 35 138 412
35 534 682 392 534 412
35 583 231 392 583 412
35 786 682 35 938 412
457 534 682 392 534 412
457 786 658 392 786 231
545 138 311 545 534 98
392 138 412 951 138 658
545 938 311 951 938 98
545 786 231 895 786 311
392 138 311 35 583 311
545 786 682 545 583 98
392 786 98 35 786 311
392 938 682 392 534 412
457 786 412 545 786 658
457 138 412 457 881 98
457 938 412 392 786 412
895 881 98 457 786 98
457 583 98 545 583 658
895 786 412 392 534 412
457 534 98 895 138 98
951 138 658 895 881 658
545 881 412 545 786 231
895 881 311 392 534 311
545 786 682 457 138 682
545 583 682 457 583 311
895 138 311 895 881 98
895 138 658 895 534 412
545 534 231 895 583 231
545 583 98 35 786 98
457 583 412 392 583 682
951 786 682 35 786 412
457 534 98 457 938 682
895 881 682 895 583 412
392 138 311 392 583 412
392 138 412 392 534 682
951 583 311 392 138 311
545 583 231 35 583 311
35 881 682 35 786 231
392 881 311 895 583 311
951 786 98 895 786 658
457 138 412 951 138 231
545 938 311 545 881 412
35 583 412 457 938 412
895 138 658 457 881 658
35 881 311 951 534 311
392 786 682 392 881 231
457 534 98 392 583 98
951 138 412 392 534 412
392 786 412 895 534 412
392 534 98 392 938 311
392 786 231 545 786 658
457 786 98 457 138 231
392 583 311 35 938 311
545 583 311 545 881 658
951 938 658 392 786 658
392 881 682 392 938 231
457 938 658 545 938 231
35 938 658 457 138 658
951 583 231 895 881 231
457 583 682 457 881 98
35 534 98 895 583 98
951 583 231 545 583 682
545 534 231 545 938 412
545 534 682 392 534 98
35 786 682 392 881 682
545 938 98 951 534 98
951 881 98 951 138 658
457 534 311 392 534 98
35 786 231 35 583 658
457 583 98 457 786 231
951 534 98 951 138 682
951 583 98 951 938 231
895 786 231 545 786 412
895 938 658 545 938 412
951 534 98 392 534 412
545 938 658 35 534 658
545 138 311 457 786 311
545 534 658 457 938 658
951 534 98 951 938 682
545 138 231 545 938 682
951 938 682 545 138 682
457 786 98 895 583 98
35 786 412 35 583 231
392 786 311 35 534 311
951 881 682 35 881 658
545 583 682 951 583 658
895 138 311 895 938 231
35 938 231 35 534 412
545 881 658 457 534 658
457 881 658 392 881 412
392 786 682 35 786 311
545 881 311 457 881 231
545 938 311 895 881 311
545 534 682 35 881 682
545 583 682 545 534 658
545 938 311 392 938 231
457 938 311 895 938 98
35 881 231 35 786 98
35 138 658 457 534 658
545 138 412 545 534 98
392 138 311 35 138 412
392 938 231 545 583 231
457 881 658 457 786 311
392 881 658 35 786 658
545 881 682 895 938 682
457 583 98 392 583 231
392 786 658 895 534 658
895 583 412 392 534 412
895 938 682 545 786 682
392 786 658 951 786 231
35 938 231 457 881 231
951 881 231 392 881 658
457 138 412 951 138 658
457 583 231 457 138 412
457 138 98 35 583 98
35 138 311 35 938 658
895 534 311 457 786 311
895 938 412 895 583 658
951 881 231 951 938 98
457 138 98 35 138 658
951 786 658 545 786 98
895 534 412 951 534 658
951 786 231 392 786 311
951 583 682 35 583 311
457 938 412 457 534 658
895 534 412 895 938 311
392 786 658 392 938 311
951 938 311 545 938 682
392 938 98 895 938 231
392 786 682 545 583 682
895 881 658 35 881 231
545 938 412 545 786 231
895 138 682 895 881 658
392 786 98 392 938 682
951 881 311 545 583 311
895 138 98 895 786 682
457 786 98 35 534 98
895 938 98 392 786 98
951 938 311 951 881 412
951 881 412 392 583 412
392 786 658 457 138 658
545 583 311 457 938 311
35 786 311 457 786 412
457 786 311 35 938 311
457 881 311 457 938 412
545 881 231 895 138 231
392 583 412 392 938 682
35 938 311 35 583 658
545 786 658 545 881 311
457 138 682 35 138 98
457 786 311 35 938 311
457 938 311 457 138 682
545 938 231 35 938 311
35 138 682 457 138 311
951 786 311 951 534 658
895 534 412 895 138 98
545 583 658 457 583 412
457 534 682 951 534 98
457 786 311 545 534 311
35 938 658 35 881 311
35 583 231 35 938 98
545 534 682 545 881 98
392 138 98 392 583 412
35 786 682 392 786 658
545 534 231 392 881 231
392 583 98 392 881 682
895 138 658 895 938 98
457 534 682 457 138 658
895 938 658 895 583 412
392 534 412 545 534 682
392 938 311 951 938 658
35 786 682 951 881 682
545 938 682 457 938 658
457 138 682 392 938 682
457 881 311 545 881 231
35 534 311 545 583 311
545 583 682 895 583 412
895 138 311 895 786 98
457 583 682 457 881 231
951 583 98 35 583 412
895 138 231 951 138 658
895 938 311 895 583 412
457 534 682 457 583 231
951 938 658 895 938 682
457 534 682 895 583 682
951 534 311 951 881 412
457 138 658 35 138 682
895 881 658 895 938 682
545 583 682 35 938 682
895 138 412 545 583 412
457 881 98 457 786 658
457 583 231 457 786 98
545 786 98 35 786 412
895 534 412 457 534 98
895 881 658 35 786 658
35 138 231 35 938 682
392 938 412 392 786 311
392 534 658 545 534 682
951 786 412 951 938 682
392 786 682 35 881 682
457 534 311 457 583 682
392 138 682 392 534 412
457 881 658 457 534 311
545 583 682 457 583 98
392 583 412 392 534 311
35 583 412 392 583 98
895 534 311 951 938 311
35 881 658 35 138 682
895 534 412 392 534 658
392 138 682 35 534 682
951 583 98 951 786 412
951 138 231 457 138 412
951 534 98 457 534 412
392 534 98 392 881 231
457 938 658 35 583 658
895 583 98 457 938 98
457 786 231 392 786 311
457 534 231 457 881 98
392 583 412 392 881 658
392 881 231 35 786 231
392 138 682 457 881 682
35 786 682 895 786 98
951 786 658 35 938 658
392 534 231 392 938 658
545 881 412 35 881 311
392 583 231 545 583 98
895 138 231 545 938 231
895 138 682 895 534 658
895 583 231 35 583 682
951 138 231 895 786 231
951 786 682 895 534 682
457 881 412 392 881 98
895 881 231 951 881 98
457 138 231 35 786 231
35 786 412 35 938 98
392 938 658 457 138 658
951 786 98 895 786 658
895 881 658 895 583 311
951 583 658 35 534 658
35 138 311 545 583 311
895 534 412 457 881 412
457 583 98 457 534 231
457 534 682 35 583 682
545 881 231 895 881 682
951 583 231 457 786 231
951 583 682 545 583 658
457 534 682 895 534 658
392 938 658 392 138 231
895 138 231 895 534 658
457 583 682 895 938 682
545 583 98 895 138 98
457 583 412 545 583 98
392 583 231 392 881 682
392 881 98 895 786 98
35 534 311 895 534 98
392 786 311 895 583 311
35 938 658 392 938 231
545 938 311 545 138 98
35 786 231 545 786 682
35 881 682 35 534 231
951 881 658 951 138 231
392 881 311 895 938 311
392 138 231 35 583 231
457 583 658 392 583 231
951 534 231 392 534 658
35 534 682 457 534 412
895 881 311 895 583 98
457 938 658 545 938 311
35 938 98 545 938 412
392 786 311 392 534 682
895 938 231 895 786 412
951 534 311 895 938 311
392 881 98 951 881 658
545 583 682 392 583 231
951 138 412 951 583 98
457 138 311 895 138 658
545 938 658 895 786 658
951 583 231 457 583 682
895 938 682 392 938 311
545 583 311 545 534 231
35 786 658 895 786 412
35 534 311 392 786 311
951 583 682 35 786 682
457 786 658 457 938 98
545 138 658 392 534 658
35 583 311 392 583 231
895 583 658 457 786 658
35 583 231 392 583 682
35 534 311 457 534 231
951 583 682 545 138 682
951 881 682 895 938 682
457 938 98 895 938 311
457 583 682 457 881 311
545 786 412 545 583 311
895 786 658 457 881 658
951 938 682 951 583 658
895 534 98 951 534 311
392 938 311 392 881 682
895 938 98 457 881 98
457 534 231 457 786 658
895 881 412 457 881 98
457 583 658 951 138 658
35 534 231 895 938 231
392 786 658 35 138 658
895 938 412 35 938 311
392 138 412 35 583 412
457 138 682 951 786 682
392 938 658 895 583 658
545 881 658 35 138 658
895 138 311 545 138 658
35 938 682 951 583 682
35 534 231 35 138 412
392 786 682 35 786 98
35 786 682 545 786 412
951 786 658 457 786 682
895 938 412 392 938 98
545 938 98 545 583 412
895 534 231 895 938 682
545 583 412 895 786 412
457 786 412 951 881 412
545 786 98 392 786 231
545 938 98 392 583 98
457 534 658 951 786 658
951 938 658 951 583 231
545 938 311 392 534 311
545 938 311 895 138 311
35 534 682 895 138 682
895 938 231 35 938 98
895 786 231 457 881 231
895 583 658 35 138 658
545 583 412 545 786 311
895 786 682 895 583 412
895 583 231 895 938 412
545 583 658 895 938 658
35 583 682 35 138 311
457 881 682 895 138 682
895 138 231 895 786 311
895 583 658 35 534 658
457 881 311 457 138 412
457 786 231 457 138 658
35 138 231 392 138 98
35 881 231 895 881 412
545 786 412 895 786 682
545 938 231 951 938 98
35 534 682 392 138 682
545 881 98 392 138 98
895 583 231 951 583 311
392 138 658 35 138 98
951 938 682 392 583 682
895 881 682 895 583 311
951 786 98 895 786 658
951 881 412 545 881 98
457 138 682 457 534 311
392 938 98 457 938 682
951 881 412 895 786 412
545 534 98 895 786 98
457 881 98 895 881 231
457 138 412 457 583 682
951 786 98 392 786 231
895 138 682 895 881 311
457 583 682 35 881 682
895 786 658 545 534 658
35 138 231 35 786 98
951 534 231 951 583 311
951 583 658 951 138 412
951 786 658 545 786 412
457 583 412 457 881 658
545 786 98 392 138 98
951 534 311 545 786 311
35 138 658 545 138 412
895 138 412 895 583 682
545 786 231 35 938 231
545 786 658 457 786 98
895 786 98 457 938 98
457 583 682 545 583 311
545 138 231 951 138 658
895 938 98 545 881 98
35 786 682 895 786 98
457 138 412 951 138 311
951 583 412 545 881 412
895 583 231 895 881 658
951 786 682 457 138 682
895 881 658 895 138 311
457 583 98 545 583 311
895 938 98 35 881 98
35 938 231 457 938 682
457 881 412 951 938 412
392 534 311 895 534 412
545 938 231 545 881 682
392 881 98 392 138 231
951 938 412 951 786 682
35 881 412 35 534 231
951 138 682 951 881 311
35 138 412 35 583 311
895 786 311 392 938 311
545 583 658 545 534 412
951 138 658 35 138 311
895 138 311 545 138 682
895 534 98 457 881 98
392 881 98 392 938 658
35 786 658 545 786 412
457 881 682 392 881 231
457 938 412 457 534 311
392 534 311 457 534 231
457 138 682 35 138 98
545 534 311 545 881 682
35 534 658 35 881 231
392 881 231 895 786 231
951 881 98 35 138 98
35 583 658 35 938 311
35 534 682 392 534 412
895 583 231 35 583 682
35 881 658 35 583 682
392 881 311 35 881 231
951 786 311 35 786 231
392 938 231 35 938 311
392 786 658 35 786 311
457 938 311 895 938 98
457 938 98 457 786 682
457 786 98 457 938 311
951 138 98 951 583 658
457 938 231 951 938 412
35 881 231 545 881 658
951 938 682 35 138 682
457 786 412 545 138 412
895 881 658 457 881 412
951 786 682 951 583 98
545 786 682 951 583 682
951 138 682 895 138 231
545 534 231 392 138 231
457 786 231 457 583 98
951 534 658 545 534 682
545 534 682 545 138 658
951 534 412 392 534 658
545 534 658 545 938 682
545 881 311 545 534 98
895 938 231 951 938 658
545 534 658 545 138 682
951 138 311 895 938 311
951 583 231 951 881 682
392 138 658 392 534 412
35 534 658 951 534 682
951 786 412 951 534 98
457 138 412 392 138 311
392 786 682 35 786 98
35 534 412 35 138 658
545 881 98 545 583 658
895 583 311 951 786 311
35 583 658 951 138 658
392 534 658 457 534 412
392 938 98 545 786 98
457 786 98 457 583 682
457 583 231 545 583 412
457 534 412 457 138 98
545 786 412 457 786 311
895 786 231 895 938 311
457 583 311 457 534 98
457 583 231 457 534 658
35 938 412 392 938 98
457 938 658 457 583 682
895 138 98 457 534 98
392 534 98 457 786 98
35 534 658 392 534 412
951 938 658 951 583 231
392 786 311 545 786 412
35 881 412 545 881 311
457 881 231 951 881 412
35 583 658 35 786 412
457 938 658 457 881 682
35 881 231 457 881 682
545 786 658 392 138 658
35 786 231 951 786 311
895 534 682 895 138 412
951 534 311 457 534 98
545 786 658 545 138 412
35 583 658 545 786 658
895 938 412 35 938 98
951 138 231 951 534 682
545 881 98 951 881 658
35 583 231 392 583 98
457 138 231 951 881 231
35 138 658 951 138 412
545 534 682 895 583 682
392 786 412 895 786 658
951 138 412 457 583 412
951 583 311 392 583 412
895 583 231 457 881 231
392 881 311 392 138 412
457 138 658 951 938 658
392 881 311 457 938 311
35 786 98 895 786 412
951 938 412 457 938 98
392 881 231 392 938 682
545 138 682 545 583 311
457 938 658 457 881 412
392 786 412 895 881 412
895 138 311 951 138 682
895 881 231 392 138 231
895 786 658 545 138 658
35 583 682 895 138 682
35 881 98 35 138 658
545 583 682 895 786 682
457 786 231 545 881 231
35 881 231 457 881 98
392 938 412 392 534 682
457 583 98 895 138 98
545 138 231 392 583 231
392 938 658 951 938 98
392 583 98 951 881 98
545 583 311 545 938 231
545 583 412 951 534 412
545 138 98 895 138 311
392 534 231 392 881 658
951 938 311 951 786 98
545 881 412 35 534 412
35 583 658 35 534 412
35 138 98 895 138 412
895 583 412 392 583 658
457 534 311 951 534 98
951 583 98 392 938 98
392 138 231 35 138 682
951 138 231 545 138 658
545 881 412 545 938 231
545 786 98 457 786 311
457 938 658 457 583 231
545 938 412 545 138 311
951 938 412 951 786 311
545 786 231 35 786 658
35 583 658 895 583 231
951 881 311 951 138 658
392 138 311 392 534 98
457 534 98 951 534 311
392 881 412 392 534 98
392 583 231 35 583 658
392 881 658 895 881 311
35 583 682 35 938 231
392 534 311 35 534 231
895 938 682 392 881 682
457 881 658 895 534 658
457 881 311 895 938 311
545 534 658 545 786 231
545 583 231 545 786 98
545 534 658 392 786 658
895 881 412 457 881 98
35 138 412 35 534 98
951 138 311 951 583 231
545 938 98 545 583 682
545 138 682 951 881 682
895 534 412 951 534 311
457 138 658 457 534 98
457 534 412 895 534 682
545 583 98 951 138 98
35 938 682 35 786 658
951 583 682 951 534 311
457 534 98 895 534 658
895 138 311 545 138 658
35 881 231 392 534 231
392 938 98 35 534 98
35 786 658 545 138 658
545 938 412 35 938 98
951 786 658 545 138 658
457 938 412 35 938 311
392 534 658 457 881 658
951 938 682 392 938 311
545 534 98 457 583 98
392 881 658 951 534 658
951 138 98 392 786 98
457 786 98 392 786 658
545 138 658 392 138 412
457 938 658 457 138 311
951 534 98 35 881 98
545 583 658 457 534 658
951 786 412 951 881 311
545 583 412 457 583 658
35 881 311 951 881 412
457 938 412 895 881 412
392 534 682 392 938 231
895 138 311 951 786 311
35 881 412 545 583 412
392 583 98 895 881 98
392 938 682 545 583 682
545 583 412 457 534 412
392 583 658 895 138 658
951 583 682 35 881 682
545 583 311 35 583 98
951 583 682 951 138 98
35 583 311 951 583 231
457 938 311 895 786 311
35 138 658 545 583 658
895 938 412 392 583 412
545 138 98 545 583 231
895 583 98 457 583 682
951 881 311 35 938 311
457 881 231 392 138 231
457 786 311 392 881 311
545 534 682 951 786 682
545 534 98 895 138 98
545 534 682 895 534 231
392 534 658 392 583 98
457 881 231 895 938 231
545 938 311 951 938 98
895 534 231 895 786 98
457 938 231 951 583 231
895 583 658 457 138 658
545 938 412 545 786 682
392 786 311 392 138 412
457 786 682 545 534 682
895 583 682 392 583 98
392 534 682 35 534 231
457 534 658 35 534 412
895 881 98 951 881 682
895 881 231 35 881 658
895 786 231 392 138 231
392 583 311 895 786 311
951 786 412 545 786 311
895 534 311 392 534 231
951 938 311 545 938 412
545 786 682 392 786 412
895 534 658 895 583 311
545 938 231 35 881 231
457 583 412 35 583 682
392 881 311 392 534 412
951 534 682 951 583 98
545 534 682 545 938 311
545 583 98 545 938 658
895 938 231 895 583 682
392 583 98 951 583 412
545 881 311 545 534 98
35 583 98 35 881 231
392 938 98 392 138 658
457 786 682 895 786 658
951 583 311 545 786 311
392 138 682 392 534 658
35 583 658 392 583 98
895 938 98 545 938 682
457 938 98 951 938 412
457 138 311 951 786 311
951 881 311 392 938 311
457 938 231 457 786 682
392 138 412 951 583 412
951 583 658 895 881 658
951 786 412 35 786 311
457 534 658 457 786 682
457 938 98 951 534 98
