100
90 10 19 62 3 19
6 9 63 6 66 52
19 91 5 85 77 5
13 33 47 90 81 47
38 60 28 78 98 28
82 11 77 49 22 77
17 75 84 46 77 84
36 83 99 36 25 77
9 90 70 9 30 98
17 60 14 79 60 6
85 96 71 85 5 89
42 15 52 1 96 52
86 81 49 87 81 50
17 60 7 31 60 36
19 56 93 35 79 93
71 39 73 71 92 66
82 27 48 82 66 76
60 45 20 17 27 20
53 17 96 11 17 90
42 17 30 46 22 30
19 52 7 44 52 85
16 97 87 56 13 87
85 66 91 100 66 61
56 71 67 56 4 97
73 60 33 73 28 28
64 2 49 64 72 9
12 56 70 40 56 92
57 65 3 71 88 3
95 77 33 75 77 56
24 65 66 24 96 27
99 31 38 50 21 38
74 99 24 12 99 6
49 23 24 49 96 74
38 87 12 71 87 61
59 24 100 59 20 24
54 48 24 42 48 3
99 12 90 99 94 65
27 90 60 56 90 30
100 3 46 63 3 7
71 84 78 25 62 78
91 56 7 74 48 7
8 8 15 5 8 4
61 85 23 96 85 24
22 40 54 51 25 54
49 17 48 83 17 25
13 25 2 13 8 82
17 24 24 17 99 37
82 30 16 82 21 55
92 18 75 92 95 27
45 86 69 62 67 69
72 5 24 26 25 24
20 68 8 70 68 35
42 26 98 94 26 67
62 58 10 90 58 26
89 40 77 89 79 81
80 24 10 6 39 10
50 47 38 50 88 9
42 23 51 93 23 71
60 88 49 56 88 79
27 68 10 43 84 10
37 58 17 58 58 4
80 43 52 50 13 52
44 1 56 82 62 56
80 19 76 59 19 2
85 81 96 85 27 85
67 47 64 7 7 64
15 45 83 15 69 31
70 64 10 35 64 18
41 56 69 71 56 83
59 33 21 65 70 21
98 68 32 98 52 1
57 78 12 57 12 72
88 94 11 22 46 11
61 34 45 28 34 1
71 44 11 75 44 18
92 25 9 17 25 89
13 34 63 20 34 66
29 58 78 55 97 78
90 92 74 90 7 48
12 3 77 12 18 35
7 78 91 7 93 46
95 10 71 67 62 71
67 40 38 45 40 70
55 95 44 96 95 29
72 75 76 26 75 40
2 14 5 2 97 62
89 11 29 7 11 75
49 42 84 49 10 15
37 81 91 37 92 87
33 30 37 31 30 85
51 69 90 27 61 90
41 8 89 65 11 89
26 95 35 26 40 94
6 18 61 6 38 58
54 59 22 24 42 22
65 100 20 65 28 75
61 17 57 45 17 92
31 5 85 13 84 85
54 20 34 69 20 68
57 87 89 39 45 89
