2000 1000
687 310
687 1393
687 747
310 1050
1393 349
687 1814
1814 1842
1393 638
349 1694
1814 321
1842 1613
1613 1034
310 1724
1613 1579
1034 1292
1724 1761
1724 1387
1393 1213
1761 463
349 1884
349 1882
1213 835
1292 316
1050 1722
747 8
1050 1743
1050 473
687 978
747 1274
687 403
463 1617
1884 1711
403 156
1034 1227
1393 40
1274 1858
1227 851
1274 1625
1274 1787
1814 1779
316 1289
473 472
1761 1103
1034 1739
1274 1563
1858 507
835 1384
1882 1804
1761 1079
1842 199
316 347
1393 1462
1625 1891
507 198
1891 583
1884 1112
316 1399
1399 940
1694 1958
1050 1830
8 318
310 1312
156 1137
1882 296
747 96
1393 1714
1579 1997
156 1078
1103 382
1079 1091
1743 894
473 164
1393 1468
321 252
583 1549
1711 1279
1274 1080
1739 1901
1722 1255
1289 1658
687 1571
403 1284
1091 774
1658 273
1393 1386
1284 1318
1694 208
1658 1838
318 1190
1399 1747
156 797
403 485
1387 1200
199 524
1112 435
382 117
472 1409
1804 1135
1571 465
1227 1580
1312 17
507 1516
1714 616
8 1762
1387 1569
117 433
978 813
435 1452
347 222
1135 999
1625 676
687 590
485 1661
1255 372
1549 1928
198 1066
1571 1608
978 359
1579 1820
472 303
1842 1051
485 1171
1761 1578
1958 1268
465 356
1884 560
1190 119
222 1389
1858 1867
372 1638
1050 1323
303 188
1137 534
433 545
303 1946
1289 233
1997 167
1608 268
774 1949
1462 775
1743 781
164 529
433 353
465 215
1858 572
1838 70
1171 1540
156 1042
1884 1294
1617 1642
583 1373
433 691
1722 1152
316 504
1152 1397
198 549
349 808
222 36
70 1480
1294 881
1739 982
1279 611
1112 1314
504 1430
1462 543
1946 987
316 234
347 1370
353 1801
1901 1603
1642 9
1842 1501
1318 913
835 1483
808 1077
1801 1069
1858 1140
1724 615
1480 1163
1739 1914
1958 1936
1042 1402
1409 1636
233 535
1323 1466
1079 277
1838 1878
1268 563
535 1424
316 1226
982 910
1050 949
1103 326
1268 1153
1312 838
1661 439
1563 422
167 1502
1608 489
1516 1819
1323 1132
1112 673
9 196
1171 132
676 131
1066 229
1274 140
797 657
1711 609
1153 605
691 162
1399 1744
616 690
1323 850
676 1197
465 251
1292 1622
1153 1733
1571 1358
382 346
813 427
296 607
140 1240
1153 1410
1393 1203
1152 1833
1501 186
1389 766
1294 1192
560 924
1200 509
473 28
1078 589
1608 1353
1638 1872
359 1582
1393 1759
1761 911
1393 1673
1761 369
1759 1524
978 116
690 1461
349 454
835 479
372 1282
1744 1006
196 1053
359 817
346 1232
1091 655
1430 1448
1914 684
687 1531
1549 1753
1622 580
1658 1566
435 1666
1424 159
1762 1217
766 1934
507 875
535 636
167 1522
1580 1304
781 174
1901 6
1284 380
310 1951
1430 1825
159 1786
1571 1106
1949 1315
222 335
1578 849
1531 1574
580 50
835 1485
572 974
1399 1705
507 81
1524 1198
1217 645
982 358
347 1558
96 85
838 1770
507 421
1936 1167
1466 1641
1430 510
1468 700
1200 1407
196 1476
1658 546
1304 25
1079 287
1397 333
775 481
1397 1763
6 824
987 381
326 1014
543 65
509 414
609 336
1705 843
358 160
1140 1309
1203 1738
1387 1635
851 1925
1373 453
1563 1356
1312 574
81 1856
1284 1597
949 1750
229 1283
1763 1512
481 1939
132 1076
1714 398
1227 1016
529 1261
1077 984
1711 1290
1603 341
1603 1871
1779 1146
838 726
590 366
1617 1361
817 1401
999 1414
1318 1100
1152 1767
359 1534
1217 1182
1393 95
268 110
1370 1060
326 1473
1060 1451
310 784
453 739
987 804
1268 1338
1051 1007
1261 77
1946 731
1705 1139
1801 1577
25 619
1661 379
1997 361
1397 873
159 1756
199 599
808 1510
427 540
1714 1327
1579 107
1997 1800
1080 1369
379 1121
1198 650
1051 1071
40 204
1531 203
609 178
1577 1553
1462 98
726 1366
774 1403
534 927
982 1952
81 904
303 724
1369 1195
873 266
119 1463
1534 93
1424 1557
974 1130
1103 1454
1939 148
784 1696
1327 528
510 329
329 1637
116 932
174 1503
1747 718
616 106
1338 1809
911 1449
1112 551
119 323
1522 319
1007 216
1801 745
1804 1834
873 707
472 1868
463 1771
1103 1916
1577 1828
804 128
1868 1127
17 189
824 826
1603 1699
1387 818
1825 922
1939 78
1722 703
1828 842
546 1306
439 1365
485 825
174 331
203 858
927 571
1891 1425
277 1664
1060 1193
1106 1418
1076 1011
1664 63
982 1347
189 288
1699 265
1753 459
234 812
349 1506
724 1141
611 1539
356 569
1397 672
1834 1020
277 214
599 1089
1658 1183
1366 450
398 1010
439 452
1809 292
1226 1967
1580 423
1369 1757
1635 1415
636 1019
1759 1514
731 27
292 1442
1936 1626
485 282
1661 1766
93 1288
1139 1201
1103 831
1608 269
1466 294
229 988
106 1537
747 751
808 24
858 1527
1356 1490
534 471
504 640
1294 1254
700 1229
1856 1683
346 1244
1514 1291
1626 261
1738 1979
1290 494
707 760
599 289
1673 420
858 840
1666 260
453 1342
583 1481
1079 990
1229 1717
215 736
535 846
1451 514
1050 124
234 1024
128 1991
1683 337
1053 1860
329 1734
93 878
611 1443
465 533
1566 1650
1699 713
269 1561
751 10
473 1375
1501 1337
1415 511
1078 259
204 1913
453 1276
1127 123
463 782
1625 728
1756 1695
164 1239
1353 1568
208 1269
162 1785
361 613
287 324
1582 1220
1080 1420
1034 1438
1042 1488
1483 802
1318 902
1466 1985
1763 1172
700 1935
1804 596
1658 133
804 1983
1991 90
1290 161
282 587
117 7
379 1117
316 1070
739 1095
107 554
731 1776
420 1162
1452 244
310 1840
1934 759
1117 142
287 573
189 938
1951 1742
485 1790
303 1396
1522 1731
203 669
1787 49
1958 1735
1079 696
288 762
724 705
472 909
1284 350
1010 1187
1007 1866
1579 1795
421 756
1007 1621
543 1129
1537 231
485 1058
1979 1498
78 1307
1617 567
1172 1708
1490 508
1314 1257
1342 1824
124 55
372 1472
174 936
381 1564
1307 559
1925 1525
1304 732
1579 956
533 941
289 56
316 462
1255 1214
1291 495
1137 271
1766 1105
1342 11
142 299
691 1262
299 114
1167 1114
1375 195
851 527
55 1234
927 1211
1787 1017
1403 544
1269 1880
529 13
1566 1900
1561 1859
1531 765
1077 1437
1257 1465
540 1116
1985 279
1522 1657
1694 1030
1132 1541
759 1002
1934 1322
1312 767
1856 1169
55 91
93 22
473 861
1553 135
124 1062
1771 783
560 1818
766 181
835 1826
167 1474
1636 1411
1735 1311
1393 933
1314 1821
13 1667
10 801
616 1489
1574 1583
427 591
922 866
1200 351
783 1890
684 180
1739 364
765 51
1842 521
1946 1038
1564 151
1925 1305
229 931
128 1605
703 1421
9 1495
1201 1115
1315 1295
1770 1773
364 1087
1076 1252
1579 137
1985 1267
1201 1419
28 1606
1828 309
398 1251
196 334
549 100
1115 280
63 1873
1420 552
840 575
1002 1649
1717 1682
65 1379
1661 144
1991 885
797 270
350 1940
1771 566
1563 806
521 1032
1282 1971
10 1772
1474 1427
98 1475
1226 525
1091 1165
294 1945
1800 1123
842 1817
885 631
631 58
123 1122
13 120
784 692
381 1022
1139 1194
808 1680
1475 698
1840 384
1262 322
22 939
1683 1990
1402 154
1288 1450
1779 213
1058 663
521 997
123 441
999 1865
1825 1026
427 1960
1411 437
1424 702
131 263
1100 744
698 1727
885 267
1571 1796
1625 768
804 1533
164 2
978 191
1935 225
427 964
1683 1908
437 434
1373 1518
1182 1285
1002 26
1642 914
1820 176
1261 487
914 192
1711 149
1462 130
1401 1043
1983 220
1761 624
159 629
119 1210
751 125
1771 625
25 639
260 1999
736 502
1461 920
437 968
826 666
768 976
1979 1175
894 467
835 238
1667 1620
1232 538
1983 1929
1757 1915
1642 480
22 1581
1475 1844
524 1184
1814 603
1838 386
1821 1371
26 1273
144 474
1389 1131
1878 1343
1461 406
1239 1726
1137 1575
335 483
1079 158
1503 930
1358 871
229 1199
1190 1846
831 1792
842 1652
1997 618
1868 869
728 754
1305 74
657 1101
267 1302
266 942
1217 1394
700 1507
489 165
1424 342
1463 1547
1302 113
645 847
1574 649
334 1319
655 597
590 856
1141 247
878 1565
214 1064
1062 1148
932 962
1483 301
231 1191
1418 418
1274 1938
1449 376
702 1992
1834 1143
1533 844
125 965
1714 1073
942 228
1605 1746
1187 879
552 1632
619 378
277 1067
441 1212
471 1405
144 1931
1239 64
1200 1477
376 954
55 1781
1073 637
510 79
1527 1851
1724 1614
1366 1036
22 211
1387 1049
909 634
560 1222
521 1697
216 1526
1708 430
309 243
726 929
806 500
1322 1749
450 729
543 1659
156 1363
117 1441
1673 1602
1878 1758
93 339
1557 1124
381 194
91 890
713 957
605 1445
1409 370
1095 790
1409 1715
1531 240
1759 966
1625 970
500 1730
342 1380
1625 482
932 449
1790 182
463 908
745 61
1603 512
7 659
797 338
453 561
1011 201
403 33
978 392
1913 221
1140 1223
1080 1392
988 1224
1817 286
858 737
270 1028
1105 276
1312 867
1129 1092
597 80
1868 429
1465 935
1824 743
1306 1236
125 43
1787 1233
639 1385
1254 1334
13 1573
1192 758
228 1029
1323 1344
268 1803
561 283
613 530
1468 699
1386 1975
1614 1444
1856 892
1153 757
1477 983
251 1471
1087 460
154 1691
233 610
812 1270
1229 523
657 1082
1526 679
1621 242
191 1827
698 585
1315 5
1817 1096
1268 915
1617 539
1153 490
1565 1594
1834 1126
610 1806
1199 1458
189 1113
1971 1247
1418 307
214 1647
1420 388
873 1665
1053 1920
1901 794
847 1018
1739 442
1053 419
268 1253
110 1710
1463 115
292 681
1900 1395
240 1798
370 122
1251 880
181 1455
619 1186
846 1308
1594 1326
1650 592
1540 1383
1724 1548
283 476
743 1887
1002 1588
1312 1044
1563 1835
1739 1147
572 1428
336 75
1664 503
1574 1853
1661 1021
1691 1412
439 354
1126 1651
439 97
514 1340
838 1562
831 1968
1445 129
1820 1535
1916 715
983 1231
639 1249
1043 1511
433 1911
292 30
178 1883
148 1719
930 776
471 1349
233 1701
1089 876
974 727
1132 53
1606 1107
1302 959
629 513
1540 761
572 752
1106 1725
676 872
892 395
640 1862
554 1332
323 1609
691 788
277 103
324 31
1771 1644
1603 230
1365 1
609 723
1772 1376
1036 1643
1092 4
81 1088
1665 579
324 396
372 1692
1531 1008
1292 1875
1809 305
1270 595
1667 1243
523 1707
876 314
724 1713
13 719
1140 923
1338 1263
1143 68
767 675
1253 654
199 564
429 290
1132 882
1583 803
599 1248
1518 1154
1790 1633
1481 1245
802 492
1249 405
467 1864
68 245
1365 451
869 14
1920 1812
782 411
1358 1732
1862 1416
1365 830
1557 1025
296 1209
1270 1656
1925 1298
429 1457
503 1645
1016 461
1126 1005
165 653
599 1895
1193 1460
663 1063
1080 562
1571 1378
525 1523
1548 845
572 1061
1568 416
266 1996
539 436
1935 1969
1969 1055
1379 143
199 874
1444 1000
1261 642
1731 1496
1073 1618
1366 1903
1462 542
611 1993
551 716
182 870
880 862
842 1150
178 1098
131 171
1866 895
1011 190
324 798
1007 1120
53 1464
573 839
562 1035
1268 1587
1968 1630
1840 118
636 771
1053 34
130 71
322 1207
334 448
729 315
927 556
1402 709
1609 1941
215 532
1213 1712
1395 1040
637 1646
2 1898
1481 373
1711 1604
442 919
1213 859
1772 674
1840 328
1419 89
1951 1144
866 646
64 1585
1255 912
261 127
1307 1048
970 651
1733 325
1063 1206
26 1857
589 1953
540 1943
1708 969
1011 1560
885 977
459 42
1880 1797
1790 249
198 688
1871 903
303 134
1019 710
1363 1823
1540 1177
333 1905
1502 1544
1667 1090
154 104
1913 1033
1577 1205
1405 570
650 431
771 407
825 1352
1444 147
549 1235
1115 1012
1746 428
74 1372
201 1681
700 295
851 1118
1535 136
930 224
194 682
142 496
296 1075
1742 1354
56 661
1344 306
1220 1755
162 1869
1602 1906
1840 105
1890 1765
560 1570
156 1974
956 1400
1130 19
34 1532
1750 1336
1095 363
204 886
1098 1611
1096 1961
1510 992
788 387
276 526
1920 621
1603 408
376 652
1650 1693
1187 1690
1747 677
619 951
1900 250
977 491
1428 1102
423 1382
306 1180
1875 1815
181 577
1581 1111
894 1408
1354 1157
835 644
1338 1748
1633 721
324 1447
392 1528
1511 478
1743 1586
644 499
1512 344
615 1287
1376 1478
1514 206
1120 108
1201 518
756 1721
1073 1136
203 1320
1363 1654
1209 1434
939 852
511 1964
489 1612
1531 516
1302 468
1451 658
1602 1486
1635 827
1107 1995
344 1301
1400 169
1114 237
159 975
1825 447
949 1423
1501 1300
1289 1829
1205 779
1526 226
450 168
1659 1874
476 697
1544 1950
1580 1505
1857 235
677 627
267 1297
1375 1094
271 934
1903 1350
347 1877
1697 725
1539 795
120 102
969 1265
229 1221
31 1684
728 177
978 1432
1035 1174
1943 1446
1602 887
1437 1768
726 1004
846 1149
1578 1850
1022 1138
751 1296
642 1870
725 1074
744 60
639 848
827 469
679 1250
1681 1362
1475 1802
1715 1056
1562 993
1201 1133
775 1009
90 665
1062 1429
1428 1894
1920 753
781 918
957 1189
681 2000
895 1381
1055 1839
5 1687
1617 73
1184 1610
326 1655
1566 1595
1288 1218
651 1299
228 1843
1336 928
1028 1536
79 371
319 466
387 1631
930 1723
460 1559
465 1980
651 1345
378 952
1577 660
495 584
396 689
698 1266
1244 1453
1389 1324
1301 704
319 52
1980 1972
369 394
725 708
954 47
1118 780
1401 32
1419 1729
780 1909
225 877
1389 1357
843 1119
1220 308
1201 1374
303 1793
1475 1277
1224 1196
1721 853
334 712
984 836
569 1822
634 1607
1248 1456
1694 146
1169 1752
572 202
712 537
1105 365
696 1704
1850 1237
1463 1159
1091 1215
1800 1741
136 1685
1833 1181
1684 1509
757 150
913 553
55 1703
1222 1479
1022 1185
516 1599
577 1927
1835 1001
1265 555
1890 1937
329 1782
1298 1508
1144 456
1664 985
1983 313
1608 126
422 582
516 981
1804 623
862 972
1211 1791
1201 755
4 1216
1014 686
1011 792
1960 475
168 633
1119 1955
1017 1754
1233 88
1488 1640
439 648
677 410
1758 1876
1185 444
1116 23
1252 901
596 1435
1116 1329
1516 400
73 1173
495 520
220 1677
850 1391
1949 352
1820 1504
1630 297
308 1108
1869 1134
151 1355
1614 1046
788 355
363 1998
1516 916
500 1110
1803 1783
1391 588
836 832
1190 1893
1602 1529
14 1672
936 389
308 424
903 1596
1132 1085
1210 664
504 581
1112 304
1599 1899
1953 1093
1309 670
1090 1178
1935 1686
1725 1660
319 1176
687 917
1154 547
1196 1368
1060 1281
1583 1676
625 1910
316 458
1866 87
638 1325
1450 348
1565 1426
595 368
1430 1166
1237 1538
1610 1367
1573 391
1265 285
342 239
1190 1861
467 1799
1964 1813
1443 1702
1925 258
673 1037
1234 821
323 1892
294 576
31 1567
1943 749
148 332
1693 1764
447 1624
1223 1775
1085 1619
1329 1543
1868 254
1972 94
619 991
1725 888
1289 1963
1793 1348
1587 946
333 497
1476 799
1154 1970
1558 445
965 404
1503 769
1132 1272
1743 733
1815 683
1815 1678
691 29
1795 1546
1485 1918
1786 1670
13 1081
966 1942
824 1484
1095 218
1617 1917
1332 183
1502 986
1826 791
914 281
1567 891
1814 980
745 262
1154 1653
198 1003
1183 632
927 173
1018 1242
31 1698
888 1957
895 602
724 626
307 945
1229 948
1198 21
1392 278
760 693
1239 1886
410 1810
1273 604
1285 541
186 1716
1705 1104
553 819
1913 343
1087 209
1437 656
1454 1208
1801 1896
287 1674
656 868
1531 1954
1516 1745
1694 1552
95 1988
1745 1422
1713 717
1437 1467
341 834
1715 1634
276 12
239 807
776 1984
1954 62
1509 54
1569 1816
1664 1151
795 438
1279 187
1309 1377
93 1310
1420 1246
1570 1671
932 82
49 586
1649 1805
485 426
887 1072
1611 39
1569 601
204 1902
1091 1777
1123 37
1682 967
1653 1317
729 293
191 1084
1043 1688
869 1922
922 345
408 112
315 742
250 223
1671 711
407 1848
657 1491
1677 668
1715 1590
1534 217
1626 678
577 622
238 519
1799 374
1586 1989
1189 1584
1177 362
1217 926
1925 568
1726 598
34 789
1532 1494
1282 1492
1063 606
1078 1700
1174 1593
1252 1987
403 291
1834 1965
560 330
358 1639
1653 612
418 763
1407 1551
271 796
1918 1542
902 1328
540 515
290 1778
1846 409
221 1417
169 1919
1370 1924
1000 1433
132 594
637 1499
1920 1944
1571 1440
1925 833
1833 1728
1826 860
599 212
1410 399
130 1662
599 425
1267 685
985 1439
1126 865
521 1623
1816 66
1833 740
12 248
1417 1083
721 1406
414 1808
651 1482
1918 1849
740 446
675 1045
1030 1615
447 320
1203 1339
1173 1736
959 1142
1377 501
1252 1155
171 1545
1131 1513
262 1555
288 1388
1701 302
1016 937
1024 1976
1586 1331
1045 1852
592 1493
1844 1390
355 193
861 1109
1410 1470
1437 1973
324 1668
1604 253
213 69
700 18
1040 734
1150 864
949 900
1596 958
1580 1228
1399 1831
774 1576
1960 1436
454 1921
1243 722
1162 741
927 1086
435 1628
533 1054
798 205
442 284
1305 300
1032 1706
966 1280
1677 889
193 1845
1334 714
1394 1592
958 647
780 1041
585 947
1382 1977
1255 1760
1157 1737
91 1932
1436 1068
741 72
224 15
1409 1059
1815 505
1041 1521
1395 1769
622 470
1470 166
1597 20
993 1627
47 440
756 811
61 1260
1480 950
1403 236
1096 898
1260 1669
1831 746
1451 1556
90 550
1175 1360
1501 1047
90 973
911 139
1094 1278
644 557
1007 397
1914 84
1673 1648
734 67
174 1885
302 417
1564 635
1466 961
1651 787
1525 443
505 375
501 16
284 617
481 311
1507 477
1745 402
557 1271
670 1065
410 312
868 1431
915 185
521 1679
1592 86
22 401
70 748
1255 600
1977 1675
611 1170
1556 274
1079 857
1768 46
1040 152
12 906
1228 232
482 893
1564 184
1899 3
1418 823
1470 805
1287 1161
1910 522
1915 820
225 464
1287 921
1936 1904
1596 1497
1670 905
336 620
259 896
1835 680
398 48
820 1238
1838 778
1507 1863
1206 1351
1649 630
567 786
230 1948
1928 738
1904 1986
344 1500
1578 101
1786 701
1276 1264
1748 1398
294 1202
273 907
1467 488
1538 498
1377 1897
1970 390
892 255
1161 76
1470 1097
961 1341
734 1303
1132 1230
1292 998
1306 1807
1093 1794
1806 377
751 1160
366 925
830 884
1970 170
460 1530
1664 1330
1061 1709
450 1572
932 1404
3 777
1255 963
422 493
1729 855
1467 457
918 92
766 1333
1124 1966
936 517
1499 953
205 141
861 298
1215 197
1639 960
693 1837
1817 1629
164 643
1394 1811
1080 841
431 1855
1607 694
1827 1601
1395 773
964 1923
541 1286
1764 35
1455 1168
473 989
1246 578
270 828
1853 793
261 822
1704 83
1996 1321
324 809
1110 667
507 256
633 1515
541 99
751 1554
1698 608
358 1689
378 1847
1322 897
563 1179
1606 1258
474 145
451 153
1010 109
1522 264
1455 810
1311 1413
348 38
76 863
618 179
1775 246
190 1788
1713 1879
1712 1259
1805 121
91 367
130 815
987 412
534 671
828 1158
1529 207
368 1912
1657 800
1666 614
908 1052
973 1836
179 770
72 1316
833 138
490 1520
880 383
1083 393
1365 1780
46 317
1689 548
823 57
938 111
239 1517
722 1591
406 1219
113 1313
349 1128
942 272
1763 210
511 772
1255 1099
1588 1947
211 565
268 1789
1463 750
394 1930
1807 1663
1322 1359
621 1718
1692 814
775 1616
1622 1027
821 955
904 1275
129 1600
197 1784
830 1751
84 1981
1182 1994
398 899
840 854
380 175
1934 1031
778 1013
1466 720
1272 275
1074 227
289 995
582 558
847 1256
1154 1241
1806 1335
140 1204
1640 695
112 257
580 730
248 816
602 506
711 385
323 1487
1544 200
1122 486
1878 1039
328 59
1728 1188
374 157
24 994
78 1978
1243 415
813 1982
15 971
1868 628
276 219
1642 943
853 996
391 593
1950 1469
1139 1145
1068 340
254 1023
1964 1519
396 1832
915 662
709 432
1994 1225
1684 1841
1768 1889
1155 837
1972 706
752 1933
654 327
1764 1346
1674 829
1689 45
1408 163
1931 979
252 764
1189 1740
1422 44
779 1926
966 785
10 1057
335 1589
1340 360
366 1888
870 413
1452 1015
1401 455
1316 1854
1828 944
709 1598
1557 155
1823 1774
1085 1720
645 357
486 1459
1308 1550
519 241
1701 1164
92 1156
935 883
240 735
407 1364
1862 1907
63 172
548 41
1129 641
1419 536
799 1125
219 1293
1141 1956
1868 1959
1818 531
163 484
251 1881
384 1962
687 1311
310 1929
310 54
747 1278
747 256
1050 294
1050 760
349 1999
349 1263
349 787
349 1097
349 1179
1814 1040
1814 1104
1814 1041
1842 462
1842 602
638 1325
1694 681
1694 1097
321 252
1613 1332
1613 1504
1579 554
1761 782
1761 1850
1387 1569
1213 1271
463 782
463 411
1884 1539
835 557
835 1271
316 766
8 119
8 1846
8 1242
1743 331
1743 467
1743 769
1743 374
473 1038
473 643
978 348
403 896
1617 281
1617 1494
1711 178
1711 253
156 657
1227 851
1227 1382
1227 232
1858 341
1858 1102
1625 1276
1625 893
1787 586
1779 1146
1289 1183
1289 35
472 58
472 1959
1103 691
1103 659
1103 660
1739 684
1563 1835
507 229
507 811
1804 68
1079 1683
1079 1777
1079 83
1079 1784
199 524
199 876
199 314
199 1610
199 212
347 1927
347 1359
1462 1727
1891 11
198 549
198 1235
583 218
1112 935
1399 1744
1399 346
1958 946
318 1487
1312 1350
1137 927
296 1209
96 85
1078 1093
1078 896
382 1232
382 1869
1091 1295
894 467
894 163
1468 1682
1468 877
1468 1863
1549 1753
1549 738
1080 1632
1901 957
1901 1584
1658 592
1284 1597
774 1949
774 1295
1386 1975
1318 744
1838 1878
1838 1876
1190 1941
797 1101
797 338
485 248
1200 1407
524 1367
435 1452
435 244
435 1628
117 433
117 1069
117 1817
117 1631
1409 1636
1409 1056
1409 1634
1135 999
1135 1865
465 1471
1580 1385
17 189
17 762
17 111
616 106
1762 1592
1762 86
1569 1816
1569 601
813 427
813 340
1452 1015
590 366
590 925
1661 354
372 1282
1928 738
1066 1196
1608 1859
359 1450
359 211
1820 1504
303 1022
303 313
303 412
303 1956
1051 1007
1051 679
1051 108
1051 602
1268 490
1268 1520
560 1479
1389 1322
1638 1872
1323 1945
1323 882
1323 1230
1946 1533
167 200
268 1253
529 719
353 1205
215 736
215 502
70 1480
70 748
1540 1177
1540 362
1294 1192
1642 1053
1642 943
1373 1970
1373 390
1373 170
691 1134
691 355
1152 1265
504 1430
1397 1763
1397 672
1397 969
549 1235
808 1437
808 1680
808 1768
808 836
1480 1163
982 358
611 1443
1314 1465
1314 1821
1430 1448
1430 866
1430 1026
543 65
987 959
987 668
234 1656
234 1976
1370 1460
1370 1281
1370 274
1801 309
1801 61
1501 1337
913 819
1483 492
1077 1437
1140 16
615 921
1914 684
1914 84
1936 261
1936 127
1402 432
535 1149
535 1670
1466 294
1466 720
277 214
1878 1343
1878 1758
563 1179
1424 975
1226 1967
949 1336
326 686
1153 1445
1153 129
838 1627
439 452
422 582
489 165
489 653
489 1612
673 1037
196 1532
196 537
132 594
131 171
131 1545
229 1283
229 988
140 1240
609 178
605 1445
605 1600
162 1785
162 1869
162 1134
1744 1006
690 1461
850 1391
850 588
251 1471
1358 871
1358 1732
346 1244
1410 399
1410 805
1203 1339
1203 1360
1833 1188
186 1716
766 1749
1192 758
509 414
28 1258
589 1953
589 1794
1353 1568
1353 416
1582 1108
1759 1291
1759 495
911 47
1673 207
1673 1854
369 394
1524 1855
1461 1219
454 1921
1053 847
817 1511
817 32
1232 538
684 180
580 50
580 730
1666 614
159 1786
1217 1394
1217 99
1934 630
1304 619
174 971
1951 1737
1825 1026
1574 793
1705 1729
81 1856
81 1683
81 1275
358 160
358 41
1558 445
421 756
421 853
1167 237
510 1734
700 523
700 967
1407 1551
1476 1125
546 1807
546 1663
25 1249
287 573
287 31
287 608
481 78
1763 1301
1763 1500
824 666
824 1484
1014 686
65 1379
414 1808
336 75
1309 16
1738 1175
1738 1360
1635 511
1635 1813
1635 772
1925 443
1925 138
453 363
1356 1490
1856 395
1856 255
1597 20
1750 1336
1750 928
1939 148
1076 1560
398 1010
1016 461
1261 77
1261 487
1261 1870
984 832
1290 494
341 834
1871 1497
726 1036
726 929
726 315
366 925
1401 478
1401 32
1100 60
1534 852
95 1988
110 1710
1060 1281
1451 1556
784 1696
739 1998
739 218
1338 1442
1338 30
1007 1866
731 1776
1139 1115
1139 280
1577 1652
619 952
619 1847
379 496
361 613
361 530
1756 1695
1510 992
540 1329
1327 528
107 1332
1800 37
1369 1915
204 221
204 1033
204 1083
204 393
203 840
178 1883
178 1098
178 1611
1553 135
1553 1619
98 1727
98 1266
1366 450
1403 544
1403 236
927 1211
927 173
927 1086
904 1275
266 942
266 1996
93 1310
1130 19
1454 1208
148 1719
329 1734
932 962
1503 930
1809 30
1809 2000
323 1892
319 466
319 52
216 679
216 226
1834 245
1834 1965
707 693
1771 783
1916 715
1828 1961
128 550
1127 1212
189 288
189 762
826 666
1699 713
1699 1740
922 646
922 345
703 1421
842 898
1306 1236
1306 1807
1306 1663
1664 1151
1664 172
1193 1460
1011 1681
1011 1362
1011 1788
63 172
288 1388
459 42
812 1656
1539 795
569 1822
214 1064
1089 314
1183 632
450 1515
1010 879
1010 109
1019 710
1514 206
1626 678
1626 822
282 587
1288 1218
1201 518
831 1968
269 1859
988 1196
1537 231
24 994
1490 508
471 1405
471 1349
471 570
1254 714
1229 1682
1229 948
1683 1990
1683 1908
1979 1175
760 1837
840 854
260 1999
1342 743
736 502
846 1550
514 360
1991 1302
1991 1836
878 1594
1443 1702
533 941
1650 592
1561 1859
10 1478
511 772
511 1519
1913 393
123 1122
123 441
728 754
1568 416
1269 1880
613 530
324 1567
324 891
324 141
324 608
324 1832
1220 1755
1220 424
1420 552
902 1328
1985 279
1172 285
1935 1686
596 1435
1983 220
1983 668
90 665
7 659
554 183
1162 741
1162 72
1162 1854
1840 384
1840 59
759 235
759 630
142 299
142 114
573 839
1742 1157
1742 1737
1790 1406
1790 413
1731 1496
49 586
696 83
909 694
350 1940
1187 879
1795 1546
756 1721
756 811
756 996
1621 242
1058 1351
1307 559
567 786
1708 1265
1708 555
1708 285
1257 935
1564 151
1564 184
1525 443
56 661
495 584
495 520
1105 906
1105 219
1262 322
1262 1207
1114 237
1234 955
1211 1791
1880 1797
13 1081
1900 1303
765 51
1437 868
1465 883
1116 23
1116 1329
1657 800
1002 1649
1002 121
767 1045
767 1852
91 1932
91 367
861 298
1062 1148
783 1890
783 1765
181 577
181 622
181 1168
181 810
1826 860
1474 1427
1311 1413
1583 803
866 646
1890 1937
364 1559
521 725
151 1355
1305 1372
1305 300
1605 1746
1605 428
1115 1012
1252 901
1267 685
1419 89
1419 1729
1419 855
309 243
1251 880
334 1319
552 1632
1649 630
1379 143
270 1049
806 500
806 667
1032 1706
1971 1247
1772 674
1772 89
525 1523
120 102
1022 1185
1022 444
384 1962
939 852
154 104
1450 348
1450 38
213 69
441 1212
1960 1436
702 1992
744 60
768 976
1533 844
2 1898
964 1923
1518 1653
1518 612
1285 1286
1285 99
26 235
914 281
130 71
629 513
625 1910
639 848
467 1799
1915 820
1581 1111
1184 1610
1184 1367
474 145
1131 1513
406 1219
1726 598
930 776
1199 1458
1846 409
869 14
869 1922
74 1372
1394 1811
165 653
342 239
342 807
113 1313
847 1242
597 80
1565 1326
1565 1426
418 763
376 652
376 47
376 440
1143 68
1143 245
965 404
1073 1646
1073 1136
228 1029
64 1585
1477 1231
954 47
637 953
1614 147
1036 1643
211 565
1222 1479
1526 679
500 1110
729 742
1659 1874
1602 1906
1602 207
1758 1876
1124 1966
194 682
957 1189
1445 129
1715 1590
240 1798
240 735
966 785
970 651
970 1299
970 1482
482 893
182 413
61 1260
61 1669
561 476
201 1362
221 1417
221 393
1224 1196
1224 1368
276 12
276 248
276 816
276 1293
429 1457
935 883
1334 714
1344 306
1803 1783
283 476
283 697
1444 1000
1444 147
757 150
983 1231
460 1530
1691 1412
1270 595
523 1707
679 1250
585 947
1096 898
915 662
1594 1326
1806 1335
1665 579
442 919
1253 327
681 2000
1395 734
1395 67
880 972
1455 810
1308 1550
592 1493
476 697
1588 1947
1835 1001
1428 1102
503 1645
1853 793
1340 360
1562 1627
1968 1630
129 1600
1535 1685
1249 405
1511 478
1701 302
1701 1164
876 314
53 1464
1107 1995
752 1933
1725 888
1862 1416
1332 183
1609 1941
788 355
31 1567
230 1948
1376 1478
396 1832
1692 814
1875 1678
595 368
595 1912
1713 717
1713 1879
290 1778
1248 1456
1154 170
1154 1241
1633 721
1633 1406
451 153
14 1672
1209 1434
1298 1508
1063 1351
1061 1709
1969 1055
1969 1839
1055 1839
870 413
1150 864
1098 39
171 1545
895 602
895 506
190 1788
798 205
1120 108
1035 1174
1587 946
1630 297
771 1364
315 742
1712 1259
328 59
1144 456
1857 235
969 1265
969 285
1823 1774
1177 362
1544 1469
1090 1178
1205 1926
431 1855
407 1364
1118 1041
1354 1737
306 1180
1532 1494
1336 928
363 1998
387 1631
408 257
1693 35
1693 1346
1382 1675
1815 505
1408 163
1157 1737
721 1406
344 1301
344 704
1721 996
1964 1813
516 1899
827 469
169 1919
779 1926
1950 1469
1094 1278
725 227
795 438
1265 285
1684 54
1174 1593
887 1072
1850 1237
993 1627
918 1156
1189 1740
73 1736
1980 706
1972 94
1972 706
47 440
1729 855
1119 1955
308 424
1793 1348
1196 1368
853 996
712 537
1607 694
1237 498
1215 197
1215 1784
1509 54
553 819
1185 444
582 558
1640 695
1329 1543
1391 588
355 193
1110 667
1529 207
1596 958
1899 3
1093 1794
1910 522
1538 498
391 593
239 807
821 955
1567 891
1764 35
1764 1346
254 1023
888 1957
799 1125
1970 390
1272 275
262 1555
1653 612
1698 608
602 506
693 1837
541 1286
656 868
1674 829
1954 62
1745 402
1422 44
1467 488
12 248
1816 66
187 426
1377 1897
1246 578
1671 385
1805 121
112 257
622 470
519 241
374 157
1639 960
1417 1083
1417 393
833 138
1728 1188
740 446
248 246
248 816
1083 393
1045 1852
501 16
1155 837
302 417
193 1845
1470 166
958 647
1228 232
1831 746
1436 1068
741 72
741 1854
205 141
1592 86
1041 1521
1068 340
72 1316
72 1854
15 971
505 375
973 1836
557 1271
961 1341
46 317
3 777
823 57
1161 863
820 1238
1904 1986
76 863
197 1784
828 1158
1689 45
179 770
1316 1854
548 41
1994 1225
