5000 1000
687 310
687 3264
3264 3163
310 4451
3264 2751
310 3360
4451 2223
3264 4641
2751 3879
310 2493
2751 4159
4451 3190
4159 1724
2751 1579
2751 2819
4451 4824
3190 2087
2087 3658
310 4530
4159 1884
3658 3118
2819 2396
3879 4458
3264 1722
3360 8
4451 2491
2751 3035
310 978
3264 1274
2751 403
687 2325
1579 1711
3879 156
2819 1227
2491 3497
1884 3944
2491 2419
2419 4955
1884 4879
3658 2487
1274 2761
403 2822
2325 3825
4955 1739
1724 2997
3035 4383
4458 2128
8 4297
1722 3206
3658 199
3118 347
3879 1462
4451 2949
2751 4027
1884 583
1462 2201
4159 4146
1711 940
3825 3617
3163 1830
2487 3093
1462 3800
3206 4585
4879 4167
2223 4185
4879 1714
4167 4693
3035 4782
1830 382
8 3602
4159 4097
3658 4511
583 1468
3497 3934
1739 3804
2822 1279
1711 1080
1724 1901
3163 1255
3879 2686
3163 2233
3035 1284
4693 3529
4027 2884
4782 4377
3804 3260
978 3227
1884 1838
3260 1190
2487 1747
4458 797
1714 3907
3260 4115
4955 524
1711 4882
1255 117
797 1409
2487 4629
1711 3683
4167 1580
3264 4942
940 1516
3529 2160
3934 2916
8 1569
3825 433
1838 3425
3260 1452
3093 2449
1227 4360
4824 3102
940 2687
1452 2737
3035 2963
3879 3376
2819 1066
2761 3995
4955 359
4159 2623
4882 2851
1080 4619
1516 1171
8 4074
3035 1268
1580 356
156 560
2325 119
1724 3099
3264 3939
1274 1638
3907 1323
560 188
4693 534
3944 2833
4629 1946
3529 3640
2419 2502
687 3899
2963 3484
310 2660
2822 781
3118 4219
8 353
1516 4665
2325 3912
1190 2988
4882 3307
1714 1042
4451 1294
2493 1642
3484 1373
4458 3042
1409 4885
347 504
2751 1397
4146 3149
4782 2363
4530 3480
347 4430
1468 881
1642 4886
2128 3024
2988 1314
1747 3358
382 4669
3912 987
4511 234
188 2569
3825 2492
4097 1603
1284 3796
3099 1501
3995 3350
1462 3145
3497 2378
4942 4220
524 2765
3995 615
3944 1163
4219 4514
4514 4112
1323 2630
4665 1636
4159 535
2822 3773
1579 277
1397 3701
3099 3630
2233 3342
3342 4776
1569 4529
3825 4526
1468 4957
615 1153
3425 2542
3264 4329
2997 2899
3260 1502
1603 2673
4112 4016
3683 3715
117 673
4016 196
1190 2359
4297 3962
2751 2718
4097 2125
356 657
1884 609
1294 605
4955 4413
4329 3253
1747 690
1066 4397
2686 2482
4693 2967
3640 1622
4824 1733
2997 3513
4886 346
2687 3539
2916 4079
4115 3157
1830 1410
2487 4726
1711 1833
1080 186
3879 766
2751 3173
3773 924
4955 509
1373 28
534 3372
4693 2162
4669 2094
1946 1582
4885 1759
1603 3543
1452 4786
2851 2947
2833 4201
3307 116
2502 3075
940 4400
3342 2591
2160 1282
1462 3647
3099 1053
1901 4831
4219 3772
504 655
3934 4064
3163 4838
4824 4778
3260 3694
3163 580
3804 2706
2487 3507
3658 4457
4882 2267
4838 1934
1066 4446
2916 636
4885 1522
3507 1304
3163 174
4776 2599
3683 3397
583 2570
924 1825
1314 1786
781 4600
2492 1315
4693 335
3260 4186
3617 1574
673 4988
1833 1485
4186 974
3206 1705
673 81
535 3516
4220 645
4027 3930
1579 1558
1934 85
690 3696
3640 421
1636 3601
2630 4198
4600 3059
2419 700
2673 1407
4693 1476
2363 4813
4530 25
1636 287
560 4187
1373 481
2359 1763
4446 824
2686 2792
3513 3429
2751 3611
2491 2732
234 3491
4585 3745
3059 160
4146 1309
1722 2801
1724 1635
4097 2018
1635 453
2660 1356
1462 3840
1227 2744
1282 1597
4186 2435
1407 4610
2884 1512
2396 1939
433 1076
2819 398
335 1016
3962 4020
797 2828
2718 3314
4020 3675
2765 1871
4074 1146
2819 726
4383 366
4458 1361
2673 2461
2630 1414
4097 3762
1642 1767
4159 3383
3163 1182
3529 4316
2967 3987
1638 4959
186 2076
1838 1451
3383 3857
1884 2136
4397 3650
3675 3212
4316 1007
2947 77
940 4606
1901 2974
4201 3938
81 2985
4187 4842
4813 3642
3640 4189
2542 1756
3491 599
1711 2607
2792 4907
1739 3299
1268 3472
2899 2615
4942 2062
580 4926
583 650
645 4072
580 3868
2732 4268
4669 2361
3507 2513
3497 98
2792 4531
3962 1403
85 3091
3342 1952
2419 4384
3024 4246
2094 1195
1786 3337
4511 3761
3102 4495
77 2021
3163 3366
4530 4602
4838 3668
4926 4061
3366 4533
382 4269
28 4088
3376 932
81 1503
1080 718
28 3045
1485 1809
524 3801
1711 551
1304 3915
453 3963
4360 3898
234 745
199 4326
117 2078
1767 4059
4926 3955
4016 2066
3372 2983
3035 128
2615 1127
1146 189
3915 826
2718 3703
4458 4660
3934 4083
824 78
2078 703
3761 842
3962 3890
703 1365
3696 825
1946 3651
421 4804
4097 3420
2021 1425
726 4595
2947 3941
3042 1418
3491 1011
3762 2075
1309 1347
673 288
1323 2779
645 459
310 3536
2162 3644
3045 1141
1365 1539
1053 3301
4083 672
1163 3156
3059 214
3938 3036
3539 1183
1722 450
98 2408
3703 452
1227 292
1939 3733
2482 423
2359 2968
3376 4826
703 2760
234 2740
3260 4330
4530 4464
4533 1626
1825 282
4585 1766
3796 4096
4959 4730
3350 3670
2076 269
4988 3910
509 988
2833 3805
504 751
2076 24
2761 1527
3800 2337
346 4512
1284 2641
4020 1254
4329 1229
4297 1683
4464 1244
4610 1291
766 3569
2833 4991
2751 494
2983 760
3733 289
3337 420
1952 3880
4610 4205
4514 2302
4660 1481
1403 990
583 2804
433 4927
3366 3889
3630 3945
3945 124
1183 2485
1501 2659
4530 2512
2737 2195
4942 1734
4824 3160
4083 1443
4297 533
4942 4190
3683 713
2087 3758
2673 2072
3644 2480
1182 1337
657 4120
3529 259
1833 3574
3804 3224
4083 4890
4097 2830
4926 2714
277 1695
1747 3011
1884 4293
128 1269
2160 2394
3683 613
347 4291
189 4278
673 3065
3145 1438
1016 3416
4330 802
551 902
1356 4500
3733 1172
2686 3238
3099 3017
3650 4203
687 4765
3383 3051
1410 3241
2449 587
2819 7
420 2897
3939 2938
1833 4589
932 4960
3091 2597
1642 1162
3647 244
940 4181
657 3698
292 4434
2597 573
199 938
4629 1742
3915 4416
4016 2261
4278 3389
4890 4463
4782 3746
1304 4107
3907 696
605 4480
781 705
1884 909
573 3066
347 2783
3156 4663
2136 1795
4882 4240
4240 1621
2261 1129
1291 4303
7 3304
938 3781
3569 2975
4960 4504
423 1708
189 2306
4064 1257
4377 1824
4813 55
583 2124
2306 4014
504 1564
4726 559
3939 1525
4955 4845
4960 2384
2851 4893
2833 4554
4824 2426
4955 1214
3051 495
356 4806
2801 1105
3715 4355
2233 299
299 4828
3429 2113
4203 1114
3011 2013
3190 527
1759 1234
3912 1211
4955 1017
346 4968
4185 1880
1315 3599
534 3338
4291 1859
4776 3349
3733 1437
4500 1465
1622 1116
3337 279
1080 2422
1786 4880
990 3394
4602 1002
1127 1322
2136 4733
1361 1169
3301 3340
1763 22
3163 4963
3804 3127
3602 4871
3429 3717
3376 1818
4828 2303
1622 3343
4115 4686
3314 1411
3350 1311
299 3558
1172 1821
3299 2873
4430 2293
1311 3802
2325 2003
244 591
3675 3798
924 2709
4782 1890
4457 2539
3987 364
3516 51
3429 4214
713 2520
3372 2680
673 3526
1890 931
3190 1605
1946 2252
2072 2176
1946 3725
3224 3013
824 2275
3800 4901
881 2742
3149 2902
4167 4098
3955 1419
1714 3202
3658 4676
2072 4523
524 2815
3574 100
2751 280
2113 4980
2520 2820
1502 575
3703 2444
591 1682
2660 1379
4669 2239
1626 4080
1722 270
2021 2972
4064 4292
4765 2338
2591 1032
2761 4251
2597 2955
1756 1427
2512 4582
3337 3295
2916 2610
4957 3616
3035 3311
1146 3225
3642 631
1468 4474
3825 3467
2570 3104
1485 4734
4463 2724
420 1194
2949 4225
353 698
288 4234
3480 4724
3156 3488
551 3783
4733 154
4806 4013
3149 3759
124 4716
1481 3661
1282 441
1279 1865
3773 3589
3880 2756
3035 4732
3342 702
3783 263
3416 3345
2062 4618
4732 4153
4806 3760
760 768
705 3124
1182 2
2233 3591
1711 4919
421 2282
3898 4121
1638 2197
4845 4609
2709 3723
938 2098
2013 3476
3670 3496
1711 487
718 192
1437 149
3745 130
1234 4825
3102 3721
2985 2869
4871 629
3912 1210
4554 4857
495 625
766 2882
1939 1999
1558 2281
3825 4787
100 3992
2706 666
4013 3158
824 1175
3337 467
279 4336
3773 4547
3066 2463
645 1929
1438 1915
2461 2238
1438 1581
4059 3492
3102 1184
3675 2531
3124 4119
174 4687
4893 1273
263 474
2252 3423
1734 3638
1282 3493
3307 2601
3670 1575
2267 483
751 2172
2742 3461
128 2271
4886 1199
4942 1846
3941 2454
1409 3359
4107 618
3493 3808
1705 4379
533 74
2128 2654
1171 1302
4020 2525
3701 4577
4609 1507
1468 4275
4512 342
3889 2429
1427 113
4430 3391
2435 4228
534 3931
1438 597
613 856
3036 247
718 3396
2282 3282
3658 1148
1739 4021
3304 2886
4014 1191
310 418
3099 4985
2281 4108
1635 1992
2988 1143
3543 844
3879 4380
1724 4607
3772 228
3898 4873
4416 4089
3011 1632
2815 378
4189 3906
3675 1212
2087 1405
4963 1931
1747 64
587 4931
4838 2618
2172 3996
22 637
2066 4789
4275 1851
51 4496
4589 4456
4826 2036
2947 2911
1356 634
4885 1222
1169 4423
1724 3205
1016 430
1846 243
1291 929
2072 500
199 2353
2947 4338
1322 1659
4234 2632
4733 2362
2706 1602
551 1758
1711 339
1222 3925
2654 2553
3429 890
909 957
4595 1445
1838 2294
2997 790
154 1715
3651 2278
3343 4118
2306 970
483 4877
4167 1380
3758 482
4529 4576
2742 3393
2792 908
2520 61
3992 3007
7 2167
2384 338
3423 561
1602 2232
1809 33
2363 392
1722 3620
3675 1223
4016 3531
2833 2731
4533 286
3617 737
655 1028
1129 3088
1227 2083
2261 1092
618 2400
2076 429
4355 3153
1191 4843
2281 1236
4530 2544
1199 2192
7 4285
3773 1334
1223 2381
1452 758
64 1029
4013 3428
4423 4763
3683 283
2435 4449
3543 3174
2076 1975
1621 1444
1257 3597
3931 757
1053 2933
3104 3547
613 3390
1214 1691
3225 3473
1092 1270
3630 2104
130 1082
3630 4936
3725 2683
1766 1827
3642 4640
1880 2581
1129 1096
1092 915
270 4264
3675 490
687 1594
4297 3538
4857 1806
573 4643
3420 2614
580 4138
1824 4333
4641 4753
3558 388
2303 4699
2076 4962
1414 4155
2967 2417
4871 2900
1558 419
3825 1253
450 1710
1806 115
3260 681
4380 2112
666 2024
3745 3606
4072 880
2167 3856
2933 1186
2902 3044
1076 1326
4618 3894
1294 2182
2128 2030
186 476
3516 3457
356 2587
3158 1044
55 3578
2687 4283
4500 4540
2223 4226
1291 503
3163 2095
3513 3845
196 1412
4907 2745
467 1651
2512 97
3536 1340
2632 1562
4907 3216
4096 129
3304 4123
3802 715
2136 4065
4734 1249
631 4793
605 1911
4609 2676
188 4754
4726 4347
3304 2430
1890 1349
1314 3833
3992 2123
3538 2130
130 2692
476 4615
4159 2458
2882 3690
3761 761
2353 752
3035 4983
3845 2811
4316 3303
1715 3836
3202 4605
2003 2624
3428 2708
4021 2047
2882 31
4600 1644
1564 230
3801 1
423 723
2303 1376
4138 3130
1825 4
2444 4298
4936 579
3845 2980
1939 1692
4400 1008
1284 2561
129 4861
2983 595
3124 2567
924 4667
474 3430
1212 4760
4577 719
1682 3977
8 1263
4605 3141
700 675
4269 4701
2098 3305
1148 2693
2581 3486
2732 3970
2363 4769
4763 3743
3376 4460
2384 1245
504 492
3616 405
3212 1864
3163 2011
1443 451
4716 14
4451 1812
3538 3776
4873 4815
2819 1416
881 830
2458 4368
4789 1209
2570 3918
666 1298
2972 3336
4240 3913
4815 2079
587 3074
4027 2527
1507 1895
4088 2806
2553 3896
2983 562
2744 1378
2539 1523
705 3548
4861 1061
4815 416
1076 4018
4600 436
2275 2799
3394 4735
214 2620
1502 4775
1311 1000
1763 2753
4787 4741
1939 1618
2967 1903
3035 4170
957 4390
61 716
1507 870
1952 862
1462 1150
3145 2149
2338 2582
1946 895
1580 190
2911 798
4882 1120
2988 4868
3163 4006
4330 3692
4701 4348
637 1630
2098 118
3658 4342
4618 34
2098 71
3393 1207
3342 3053
4843 315
4089 2540
2419 2025
4605 1941
4379 3714
2985 3388
4871 1040
2753 4162
2899 2256
243 2250
1708 4964
1851 3926
988 4142
1223 674
4079 3112
690 2585
2828 1144
4529 4412
270 2787
1485 912
3772 127
2261 2222
3480 651
3926 325
3880 2318
2394 2214
1438 2464
3597 1943
3529 2354
3783 1560
2124 2509
4115 2288
1539 2684
100 3702
1722 3080
4927 903
3879 2385
3638 710
1150 1823
34 1177
2400 1905
745 1544
4693 4924
3202 2578
561 4122
1410 2789
3926 2229
3396 4866
2531 4048
1558 1352
3906 147
2610 1235
2098 1012
3644 2093
1416 1372
4413 2565
7 295
1194 2091
494 4501
1279 2387
25 4388
2354 2508
2149 1075
990 3079
2449 4343
1636 3643
24 4897
4960 3120
681 3525
4826 105
3212 1765
4806 1570
492 1974
1724 1400
3372 3252
1263 2310
1002 2727
4760 363
1999 3888
908 1611
2381 3971
403 992
3366 4001
4988 526
2302 4943
583 408
4641 652
2972 4972
718 1690
2136 4011
3337 4572
862 2584
1618 2905
681 1102
2968 2736
3383 1180
2493 2010
3224 4808
1184 2071
2384 2918
51 3434
3611 644
924 2532
2417 3604
2819 1447
1066 3339
451 3395
3833 4979
4572 3380
745 4645
978 1287
3484 1478
645 3936
3717 4076
4936 3135
3599 2165
3156 3546
4333 3412
4927 1654
2565 1434
1322 3114
1349 4254
561 1612
4254 516
1763 4536
4955 3117
1053 3408
2149 3917
2869 3217
895 4578
74 3155
3889 4095
4121 975
1148 4799
2684 1423
1975 2847
1096 4691
3338 779
4464 226
2799 168
3939 1874
34 3610
4643 1950
1683 1505
3397 235
3939 3859
1380 2837
1194 2989
781 934
282 1350
2833 1877
3457 4494
1223 4148
2385 4044
2584 4722
3690 1221
490 3682
4861 177
2724 1432
1715 2473
3461 2348
4765 2323
1562 4941
560 4232
4153 4378
1630 4129
4380 2818
1148 1296
1827 2782
3397 3554
3305 60
2162 2516
4326 469
430 2409
1846 4574
4 3949
4585 3961
3525 4522
4600 4444
2010 1009
2485 3822
2396 4534
2480 4247
214 3720
315 3201
2010 3892
2587 2841
4129 3561
2252 1839
315 4244
1444 3377
2731 1610
3569 2656
2988 1595
575 4408
1210 1299
4463 3188
4275 2993
4228 1536
3074 371
2400 3865
4138 3712
3554 1723
2527 1559
579 1980
4123 1345
1739 952
2250 660
4001 2118
4522 2211
2787 4761
2851 1453
1911 1324
842 704
4897 52
3513 2590
2214 394
1642 2150
490 47
3773 3664
2972 3787
3644 1729
2884 4953
4667 3324
3538 1357
3800 1119
3918 4773
1544 4105
3802 3369
1291 1277
2714 3137
4873 3184
4220 3284
3801 3028
3157 2215
4873 1607
270 3794
420 2488
4496 4584
2751 3279
3804 537
3201 3292
4247 1704
3080 3474
4064 2511
3561 2007
1150 4067
1273 1685
214 1181
1296 3138
3525 3663
3915 4019
3531 3049
830 2285
2354 3706
4333 1599
1326 1927
4585 4117
2706 3321
3104 4891
710 1782
3507 2518
2581 4312
64 3914
4786 4628
388 126
1742 3965
129 4352
4691 2193
3859 3553
2435 3161
1859 755
2751 1216
957 686
2993 3954
4985 3219
4577 4362
2149 3353
1263 1754
1284 2152
3894 2735
1257 3069
1127 410
3918 1876
3345 4192
2223 23
3668 4385
189 4332
2654 2442
2820 4302
2947 3596
1453 3872
2025 2200
4020 2996
826 3483
1434 1504
3467 4518
3638 3520
2706 1134
4020 3820
3889 1046
4536 3466
2337 1998
129 3437
1053 2575
495 1783
25 2147
1163 832
2949 2589
3480 1529
2160 1672
4385 3487
3961 3964
1012 3986
2815 1085
2782 2324
199 2462
1405 3790
1294 4860
3205 4447
2708 670
713 1178
2873 4005
1558 3662
4716 3935
4983 917
1409 3823
347 2664
3051 3374
4522 4166
1357 4738
3964 458
2229 87
1621 2376
2072 348
3589 1426
2761 4622
1234 3452
129 2832
4228 4543
1758 391
2493 285
2779 4317
394 3852
4628 4215
177 3989
2737 2440
3216 2264
4871 2915
2036 821
1053 2451
2306 4900
3703 2262
483 749
2201 2061
1729 2917
1952 1624
3955 2367
3127 1619
4882 1543
1505 4441
673 3495
2381 2991
931 888
436 3489
3219 1348
3601 4570
2098 497
1895 2279
1636 3901
4397 3245
2264 404
23 2060
1191 4213
2660 2019
1759 4689
3307 4790
4123 4230
4735 1546
382 2843
2093 2257
4234 4881
2869 1942
2275 2134
2789 4258
2353 3755
1724 183
4167 3730
4457 3186
2010 281
1407 891
1824 980
2843 262
3939 4694
957 3641
880 632
3670 2699
3340 3327
1846 1698
4397 1957
2801 602
4292 626
3224 4420
1216 4255
4080 2373
2714 3853
4089 3274
802 1886
3702 4743
3977 2089
3574 4405
1349 2548
2737 4712
3798 819
2130 4262
4192 4350
1825 656
1438 1208
1148 3542
3892 2242
2491 3469
1723 1954
1016 1745
3376 2346
3801 1988
4629 1422
1911 3855
4059 2602
1599 834
3112 4407
4302 12
1340 3887
4203 1984
3358 62
1028 54
1178 3780
2787 1151
1884 3443
2737 3329
970 1377
4338 1310
2385 1246
4048 3634
2692 82
1729 3404
1207 3573
3069 4976
2264 1072
3295 39
2815 2296
1833 1902
1274 4596
1877 2550
4434 967
3758 1317
2325 293
2271 3444
1046 1688
2744 3406
4225 345
4643 112
2087 742
2271 223
3088 3976
174 2733
405 1491
3800 668
3918 1590
2581 217
4074 2652
1452 4497
2983 2796
483 4770
4330 1989
3397 1584
4543 3236
2818 4739
4941 4829
3573 598
3227 789
149 4696
1491 2114
4842 606
3796 3331
2281 1593
1708 4052
3141 291
2947 4085
398 3765
1901 4060
2654 4862
4540 763
1216 1551
285 796
3690 4249
1403 4975
371 515
2114 3871
3202 409
602 1417
168 2657
2385 1924
3857 4199
3578 3998
3520 4917
2615 1944
1602 1440
117 3159
4518 1728
4495 3288
2021 4679
1053 2726
2409 3585
2233 3695
3755 2658
3553 4472
2641 3442
4343 3900
2346 66
410 740
3930 3180
388 4914
3443 2443
2527 2720
779 4391
1017 1849
3264 446
2841 1045
1016 4017
1468 4369
2708 4796
1758 3500
1017 4499
2396 3449
1724 3718
4570 3831
1357 3579
4446 3402
4088 1388
1184 302
4020 937
3118 1976
3695 1331
3616 3364
366 1493
421 3875
1438 193
1116 3111
287 4144
1580 1973
1859 1668
3965 253
3650 3940
2354 18
2731 2945
1733 864
1171 900
1714 958
81 2758
4862 1831
3620 3799
2363 4515
418 4637
3088 722
1407 3614
1644 2277
154 3068
1397 4945
3049 2312
1766 4308
1833 3648
3890 1706
2385 1280
3036 889
3483 1845
825 2613
749 1592
3480 647
2641 2101
2657 2403
3408 2334
4975 2204
408 4887
4605 3740
2591 2600
758 2416
4006 15
4676 1059
3241 2543
2262 2864
1864 4994
3857 470
2279 2650
1143 4586
1116 1627
2363 2086
1695 2067
1946 3015
494 4951
1812 3581
3141 3315
3437 4432
2673 2102
3124 1556
2296 4143
1849 1360
3295 2034
3638 973
3642 139
2222 1278
842 557
2462 3136
4660 84
2480 1648
2613 3797
3759 1885
289 417
419 3629
2078 4833
1076 4657
1818 443
980 375
2664 3874
1599 617
1690 4961
2615 477
3879 2763
1223 1271
4735 1065
4275 312
3493 3176
2306 3672
4959 3795
128 2017
4536 4094
494 748
3971 600
3963 3674
3740 2452
1105 2050
1745 2690
2620 3844
1594 3286
3466 4417
932 232
3944 3729
3729 4424
4595 3123
1182 823
4377 805
4975 2289
84 2127
4423 4486
870 464
1943 4840
3531 3125
908 4848
1284 3222
3395 3532
234 896
2359 2077
763 48
990 1238
1141 778
1763 3291
1277 1351
2324 630
1412 4633
4976 2573
651 738
2542 4267
2381 1500
339 4690
33 701
2440 1264
3491 3384
4316 1202
1734 907
1419 3867
3611 498
2799 1897
1182 390
1476 4091
4857 76
293 2636
3855 1341
1939 2340
4763 1230
25 998
1378 4191
967 2651
52 2207
3190 1160
2902 4321
1172 884
2789 170
4018 1530
4813 2759
4880 2959
3260 4396
113 1404
937 4403
4602 4340
4773 2678
3799 3813
4417 3078
2013 92
2452 2135
3145 4376
3601 3886
2071 2427
3394 3325
4048 4517
4369 197
583 3727
1299 3956
1211 2871
1739 3932
3161 2634
4980 2043
423 2051
4857 694
1092 1601
4976 2358
34 2099
3011 4345
3483 35
2513 2695
3449 989
4640 578
3366 2521
3808 793
4240 4099
4570 4758
269 4569
526 4709
3174 667
1352 256
749 1515
3202 99
2267 4966
443 608
4446 2769
2277 4528
1011 897
263 1179
420 1258
85 145
3321 153
1340 3843
48 3984
1172 810
3996 3974
1897 4277
1644 4339
2165 3590
2567 2691
1268 1788
1235 1879
4657 4896
3663 121
3429 2457
3159 4489
4293 3980
391 671
430 4940
2742 2962
2207 4755
1846 3815
4669 3083
2242 3426
62 2168
4085 770
4980 2935
2899 3010
4458 3459
1806 3560
2735 393
715 1780
4495 4592
1733 4620
2256 57
4298 4202
3611 2643
2152 1591
3074 3363
4547 1313
1838 4970
3926 2537
4240 4290
3495 3418
1236 1099
4793 1947
902 565
1361 4440
779 750
3520 1930
1418 2208
48 3226
1423 4544
4789 2413
1410 1616
718 4681
2742 4238
2917 3985
2130 3689
821 4103
565 1751
565 3551
2165 4814
1002 899
2208 854
2760 2973
1177 2159
3644 1013
364 4210
3374 275
2915 227
1146 995
2799 558
896 4683
3045 1241
31 4967
2443 1204
1360 3478
2706 257
2422 3235
4963 2360
3964 506
2938 3263
2095 1487
1194 4623
2882 486
3629 1039
779 3626
1975 3508
2282 3046
4391 994
3840 2210
4701 415
4907 2103
2615 3237
285 628
78 3997
1134 3362
2400 996
3695 593
751 4762
3429 1145
4914 2621
632 3947
3222 2460
2886 3275
4407 3834
4620 3244
1516 1225
2444 3742
2938 1889
2532 2927
4379 3273
2980 4140
4679 4154
2135 4366
1941 3463
84 3557
3670 2535
1560 4221
1478 3523
4871 1740
4881 3927
1706 2020
694 785
3136 4556
2 3021
1407 360
4585 2369
3913 4884
1143 1015
2071 455
3872 1854
3013 4590
483 4031
2443 3654
3487 3464
4118 1720
2900 357
4741 2455
3641 3352
1225 4869
4369 4452
4693 1156
1780 4599
1929 735
2451 3736
3898 1907
39 2712
2400 41
1635 3439
1410 3041
4991 2065
4641 1293
378 1956
2288 4981
235 4913
1191 484
2871 1881
3104 4674
3345 548
1184 3031
3127 3991
2168 2322
1478 2866
4500 2566
4474 2115
1388 2315
1616 910
881 1815
742 2059
4499 1288
2632 3289
1163 894
3647 4876
889 2713
310 3946
4117 2456
3286 3937
2118 3367
1889 1557
3123 1781
1007 351
1270 1798
1015 709
1326 3530
1313 4493
2652 1669
2744 489
4441 1548
315 4557
2315 402
527 3106
1016 4711
2093 3559
3331 2675
2128 720
2744 1461
3664 1814
3717 4561
4762 2048
28 2929
3225 3378
2010 3960
748 2559
453 1121
3569 103
1973 3410
4144 1665
1551 274
4536 1855
1221 941
967 1260
2837 1858
1809 1967
3546 1962
1145 3994
2765 208
4005 4832
4076 3318
1569 3988
989 1369
1061 3254
78 1755
696 4834
1846 2251
2114 811
3675 4652
2007 2054
446 568
3130 1111
751 4566
1388 2667
4119 4695
713 2085
2419 3750
4907 2952
4981 2612
2837 4300
1180 323
4657 2004
3935 3534
1478 2633
2991 4428
232 2826
262 4289
3946 1387
1595 4318
4620 4844
4198 4194
696 3957
2353 4792
4350 4802
4194 1872
398 1853
2636 546
2544 439
3913 3482
4826 3143
2569 1098
1570 4772
4264 746
558 4810
4362 3851
1881 3624
4931 2246
4806 831
1929 747
4572 132
636 2244
2159 3829
4347 2738
259 3281
752 3257
228 3751
4155 977
189 1913
932 2773
4203 290
2087 541
579 4490
1377 4183
3363 3673
1225 4688
3874 4073
4232 3110
2975 3619
3900 4381
4194 3280
1559 4977
4831 721
2078 313
1280 220
3110 4437
4292 4818
4576 739
3174 148
3642 3665
348 2386
492 767
3689 2240
3352 3033
3358 2956
3525 2631
1151 1088
4522 3959
4213 588
2473 1472
824 2100
1186 708
1334 2896
2312 4039
1169 3741
3620 3194
1504 194
3995 3119
2422 1107
2974 2555
4814 1031
1723 616
2125 4820
1194 1353
1353 278
1478 4671
3661 1721
4652 3583
4330 659
2323 1836
4019 438
562 2070
3963 3319
4330 2778
3163 2166
1405 4411
4693 3646
1280 1495
196 2829
980 2816
1245 1813
2346 3549
4360 4393
98 2209
3888 945
4393 4481
492 4851
4403 344
3714 4286
2614 43
761 648
4413 1718
2128 2053
3717 2526
2659 623
1273 4612
1244 1860
2288 865
4293 2410
34 203
4486 2224
2376 1677
766 1112
915 1585
2130 4998
4098 1760
4943 73
3542 1534
897 377
223 1663
1397 4616
3917 3171
4543 689
2086 2682
4967 185
4738 1857
675 1822
4802 3086
2634 3213
785 1979
60 2203
2993 3819
4213 1301
4376 3754
3880 4266
3358 839
2400 2040
1311 1769
1927 949
1886 1995
3963 570
1654 4274
4316 297
1249 2558
2104 4488
3539 2890
3046 1997
957 330
302 863
124 2479
4893 4223
2900 2767
299 4952
3695 1674
1669 411
648 1019
1388 4746
4366 2510
2760 1095
1426 1490
888 468
4456 3371
3206 2748
2567 3001
4094 3550
4776 1916
1317 4070
451 1898
2911 2143
626 4314
116 2234
2289 4100
3647 1396
2134 3848
2312 29
2709 2919
4712 4049
3303 1060
4070 4465
793 2411
2166 4086
4472 1456
214 3870
4963 4231
1491 358
4730 296
4868 4207
912 4562
4198 2414
2271 2824
2358 799
4244 622
2114 502
4020 3166
4763 3152
2152 3341
3369 3103
4547 1338
3397 3657
4980 42
1812 2984
2575 2921
562 4708
3936 1441
667 801
1012 2932
2261 2319
4412 3498
3525 1882
71 1948
1204 1131
3712 2185
3237 4702
3712 3633
363 181
4994 2181
2871 146
2927 508
797 4507
1434 4670
4600 407
907 3081
2411 2536
2182 3139
1268 2190
2516 979
738 215
865 1801
1447 4947
3088 3020
3589 898
4562 465
492 1386
1299 2874
3746 887
3295 664
1954 1617
3125 1667
2727 2405
47 3060
2053 4356
666 3417
1582 820
634 2743
591 2161
4869 4715
2325 4872
2866 5
4792 2248
228 2141
1095 38
113 3884
3430 4025
3352 1010
2487 4294
1245 4147
3932 4705
3489 1552
4088 2856
35 4938
1447 1262
4998 2031
4966 4322
700 4224
2699 1749
755 4564
3120 1524
3663 3256
4065 200
363 4864
3701 2109
3717 816
2569 4263
4887 2292
3176 808
3341 2297
464 4944
3780 4895
1558 4305
315 3592
917 1888
217 2595
3558 4315
2581 2538
4385 21
4848 1336
3808 2749
979 1325
3345 928
418 1077
4368 1047
1341 3707
1501 1573
277 175
4088 4588
917 2647
3314 4004
742 1480
377 224
232 1935
297 164
4770 1370
3970 131
1491 1800
1516 4310
4730 2850
3750 841
3225 835
4599 1791
1053 3419
1221 4839
598 80
2851 517
1112 2421
3069 947
1280 4934
1704 1978
2485 1985
3553 4422
570 2342
816 1250
506 3228
3137 1639
887 1064
3536 3070
1975 1086
52 4737
4824 3782
3965 1018
4699 2563
3449 851
371 1285
4683 3972
4796 3012
2422 3446
2511 384
4991 1764
988 462
4753 3150
2832 1142
3488 1547
4808 4809
1092 3122
672 1850
2911 2425
674 2063
2890 3265
4214 4459
1786 2913
3217 2987
3024 3766
2997 3105
4224 2665
280 2557
347 4319
3695 1649
2264 1671
4735 1205
4586 3006
4808 3671
3805 4601
3889 4668
2949 1892
2456 2781
1150 2157
325 2640
2538 4756
3190 1925
1351 367
1544 3789
1244 1848
2050 4468
4901 2964
3578 3172
1294 2730
1916 3518
1440 368
4468 1586
932 4855
1745 1069
3083 4174
1931 5000
1348 4237
357 4664
659 1174
4226 2218
3583 3688
823 2994
1209 2903
1417 4034
2458 4858
4589 1375
1119 2580
394 3722
4437 434
2419 260
2973 3192
2595 2121
1985 1779
4824 2305
4543 1275
4237 3609
116 3846
1284 2316
153 321
1879 268
1818 1970
3311 179
4787 2156
234 547
177 4648
4489 4270
2641 3753
1927 167
1253 4026
467 2752
2150 1103
2123 2243
1855 1036
3327 496
4733 2116
750 316
2724 1159
4507 337
1476 4062
4205 1228
1788 4392
1818 848
3473 4821
1029 4805
3045 1697
126 1038
402 2533
2510 4774
2369 4910
2118 1166
570 942
673 1233
1131 3134
1924 2977
4430 1005
900 3477
4734 4035
3915 1748
779 4863
2067 1566
1836 3993
2905 425
1253 3810
2687 1900
468 2370
4557 2910
4708 885
1722 838
2123 505
2919 3132
4416 399
315 4239
2367 3699
177 4527
3130 4912
1338 3708
2869 3607
3336 822
223 3734
2449 1938
4596 3600
190 4195
1092 2701
421 201
929 1329
2281 3562
339 1875
1114 4084
223 954
3378 4791
3036 4548
1764 913
2086 1243
1504 2041
4531 2390
228 1951
517 252
3822 2022
2460 4313
1874 1155
3066 1110
3776 3195
279 102
4292 4200
2695 276
4140 2097
2312 3278
1350 4487
3797 2909
4943 2644
2897 89
4808 2593
1186 1588
4190 733
1356 1893
2112 1972
3213 3287
907 1307
462 4053
4342 3025
118 180
802 2198
1207 4909
335 1232
1854 6
1377 4284
410 1726
3989 4801
2103 3905
1881 4725
4456 3982
2244 2481
1016 1510
1907 2227
3031 1083
3689 1165
1485 2146
2736 2393
4350 714
2680 4033
4881 2392
659 341
1539 3204
2945 2418
3539 1168
2113 4212
3935 340
190 1424
196 1820
4251 4996
3472 4063
3417 1707
1351 4759
4239 4161
3314 741
652 1402
227 4928
139 1363
292 867
2968 3332
2021 3320
798 1097
1749 2231
3825 3356
341 2556
483 1792
3371 640
3152 3632
2829 3421
3993 250
3227 3869
3674 2286
1357 4653
1952 3828
4955 4365
1119 3622
2442 1794
2634 678
295 711
1361 1101
2761 2144
1516 3515
1885 2265
4343 685
4864 1991
1962 775
4033 3631
4348 935
2737 3375
4298 3519
3959 772
4998 4024
4917 582
1038 3109
3473 569
415 3724
3153 3777
3569 2081
4544 3148
2427 861
1274 2797
1997 30
4297 532
1582 4817
666 2357
483 151
12 1247
4228 2268
4761 242
430 1797
4074 2287
4763 1658
3956 590
4215 4421
3117 3385
1347 2754
1298 246
834 4593
2712 3121
280 3413
3900 2619
4983 3037
4693 1526
1325 4565
738 4427
3834 1949
55 2045
4909 4816
4919 157
4864 1774
4607 3891
4283 2639
1952 4658
3149 4923
1402 4837
1758 4450
1779 2603
3132 3468
4688 2771
4212 3097
4738 2235
990 3450
4629 463
3997 229
834 4905
3134 1808
89 1292
2207 4032
3329 4729
30 3504
2385 2199
3228 3580
1016 3826
1682 1554
3724 4116
28 3850
3163 1224
4464 2860
2593 2459
1624 2196
1627 3659
2209 4296
3273 3807
4074 4948
2699 4175
1120 4082
2874 3908
2570 1252
811 1489
3287 1856
4376 3089
3619 1883
4064 4542
3715 2254
4753 3387
606 2365
887 2668
3581 2908
3888 642
197 3827
2334 1969
988 3876
3629 4078
2591 2514
1178 1330
4018 2308
1780 1289
4738 3942
737 2032
3145 374
4529 1140
1751 2027
232 3435
2048 1625
4758 1689
3416 2420
755 4055
74 3460
2516 2845
4789 133
1751 3652
1501 1541
3263 829
98 2798
1485 4043
119 485
1363 3948
4062 2642
3822 4749
742 333
130 765
4569 572
568 2202
3459 3749
2204 2446
3163 2329
3590 1124
1510 3788
3467 4915
2197 552
3349 2880
4900 4102
3876 211
2072 2689
3539 2755
2287 4141
275 1738
3358 782
3425 2002
3289 1717
4953 1354
2296 1460
2143 20
3865 981
2886 2739
2053 2055
220 4625
3484 2431
3222 2629
4291 3322
149 4353
1409 4846
562 2082
3332 1138
3241 2184
3557 2794
2911 3267
1791 472
2712 2058
4251 4721
3118 845
3265 63
527 1694
1658 984
1337 3653
1247 2802
1250 964
1627 1538
4447 3738
1976 542
3723 2907
826 1448
3530 2854
4913 1623
2405 3666
4048 4128
738 2000
2485 3786
4187 2617
1973 577
1516 584
1110 142
560 2741
1262 1474
3840 959
1257 1785
1728 4508
1311 2562
2036 1358
2281 1297
3634 683
4251 2163
4232 545
2268 365
2357 2380
425 414
4668 1656
2690 4558
290 4714
1423 2648
532 4545
1159 3379
2909 3115
1569 4706
2482 4058
3371 305
3794 1629
2538 2545
2265 3177
4743 1286
3279 2951
2308 3645
2264 540
763 4973
4302 1475
4855 1802
2248 4525
3303 2276
3484 2309
1325 273
71 4130
3121 4903
1163 2320
2007 4933
64 2524
3459 4068
2833 3454
89 3775
4298 3863
3940 1567
2623 241
1527 906
2525 4946
3450 3085
3273 422
3707 3503
3513 314
2306 137
3727 120
1797 1657
4246 3824
3186 2164
4128 1676
3387 2878
747 2436
4230 556
4286 1049
1202 1206
4121 3687
43 1433
1658 1037
263 2088
1481 4177
3606 3577
796 258
2783 4419
333 4165
1823 2810
3573 1640
3888 684
220 3092
1515 2441
4035 2982
3332 3101
3123 2625
4079 284
3843 1587
4153 370
1836 3107
3201 1406
2446 1316
2648 4597
2285 4351
1134 2241
3380 3447
433 3386
4379 4646
81 1157
256 4713
2905 3433
4086 734
2276 2412
2667 4997
3827 4559
1599 3779
1698 1133
4296 4803
2578 3485
651 207
664 3055
3695 1772
370 3398
3723 3811
3690 4260
1721 2969
4915 743
3279 2868
1830 3361
4417 2978
1848 1401
3037 2515
55 2415
1792 4012
4437 1757
201 1709
3404 538
992 4642
1957 2576
3204 2382
2508 1139
903 3004
4851 944
2712 2681
2513 372
1288 4320
2262 3405
3662 1787
4504 837
3500 1828
2224 3113
2086 619
3068 3686
128 872
2601 2605
4869 1094
3766 4650
2756 3030
1404 612
2600 3691
3188 4929
3349 4798
590 1391
3275 2307
3041 4387
3650 871
3797 2270
262 1421
897 2339
484 1383
4696 4404
3252 688
4102 4767
4774 512
2367 1670
1345 3455
675 2368
615 1239
2159 2904
2181 4644
1663 4087
3853 4654
1351 2352
2689 596
4260 4608
1163 2499
3075 2912
4305 3330
2168 2728
4816 1589
4866 611
1445 1805
4089 728
2325 2255
2034 836
1800 1904
2562 3451
3391 1439
2199 1073
4201 1735
3833 2469
4336 4037
4973 4163
4340 40
1105 1790
244 4509
2690 1034
2969 536
4964 4111
2223 1030
2816 1308
3927 106
359 2703
3874 3266
117 1457
3388 1703
2380 725
2114 90
4186 461
3759 3456
1337 4707
1538 4233
2977 1914
2569 4535
4929 1164
41 4002
3938 4920
483 1887
4203 3047
2275 3705
1164 2662
2595 3517
2951 3588
4741 1074
1013 3812
2078 2750
979 814
2464 26
3960 2154
1280 4402
2360 2517
3851 2371
3213 3570
1434 1511
489 457
348 2805
1974 4363
899 1532
2297 1650
3617 614
3112 4361
721 2401
4091 233
1457 4057
1650 2579
1012 3298
1212 271
4390 3506
1717 1968
667 4389
3222 4956
2605 1428
2647 1382
235 3026
2480 2669
2782 1389
4308 3837
1264 2849
3359 4003
3024 1479
43 2477
4612 4736
3980 1537
3606 983
3761 1466
3865 349
1347 2839
2810 3639
3714 328
4115 4466
4404 852
4525 2568
2329 212
1323 4661
3994 4406
577 2321
755 1869
73 2119
1943 1318
4893 3
1009 1533
2732 3029
3104 426
1907 135
4654 2273
2275 307
3488 1643
3597 1050
2324 2188
2188 1321
3423 4898
4430 4811
1323 397
365 1196
625 1509
4641 2177
3291 807
4070 4752
1537 1518
2223 3162
1788 4639
726 1483
4391 4133
746 1549
2797 2029
1005 4222
2499 953
3055 2495
482 4182
1468 3064
702 3667
1501 169
2003 1020
3487 3752
467 976
4531 833
4332 4745
3804 2397
2839 4045
2198 4899
1207 771
4616 3816
2354 2831
2593 3767
684 2970
4383 1873
4447 1741
464 2327
4566 4779
23 1192
4706 699
1286 1496
1105 2995
2871 3540
3111 2791
2582 787
4058 248
1323 2505
2532 1896
434 3462
2682 3144
287 3883
3190 4870
1859 795
4244 4680
60 1056
3520 3054
1809 1921
4444 4250
1708 3179
2097 4442
3901 2504
2984 544
2229 1542
3224 3182
421 1996
3752 1701
1694 3501
280 1606
737 1928
3648 4502
4640 2697
2802 4259
1579 3050
3017 4992
3111 187
988 2300
24 3979
3614 2646
1238 847
578 44
4001 1936
3812 2925
4502 2228
3852 1993
3477 2126
562 956
4712 4539
4542 905
2929 2158
4464 1276
1019 1817
4653 1359
1 2823
917 2483
3905 406
181 4124
4119 4196
3843 1335
2446 3002
602 1899
1501 730
3653 4287
2427 2174
4590 2388
270 206
4881 3475
2579 161
1103 4306
1802 4281
3876 4235
4517 445
357 729
105 2351
4600 1673
3433 514
116 3841
1554 2105
4716 4056
4070 1744
335 3140
4390 1290
1134 1420
262 1492
22 2928
715 3344
4586 3613
4072 3128
1029 1535
3548 385
1379 4649
2442 1750
1943 3268
4363 2259
980 2685
1905 1937
273 3728
3534 4126
4694 4819
1682 706
4869 3756
2124 1832
4805 2808
830 4999
20 2336
509 2138
2816 2314
4012 114
3876 2946
2254 322
1766 712
2214 2379
4230 152
2184 3656
3534 4937
51 195
450 4271
77 1863
4976 2858
1621 3258
1984 2432
1962 4106
4826 3791
2781 3565
3788 354
4715 1327
2376 4169
3122 4651
4824 1459
2159 4859
4572 1058
590 564
1510 813
1411 4054
3488 2958
3384 163
1274 2035
270 1123
367 3000
283 4513
121 3255
2045 2840
1180 454
2058 3208
3707 4935
3024 4217
4972 531
634 555
3819 828
4121 3595
2334 877
1603 141
811 1137
1798 2702
4734 4051
2851 3700
1665 3297
1760 1700
2525 1811
2794 4503
3124 2729
4459 1807
4584 2762
2214 266
3880 2888
1585 4357
3028 4114
2754 1696
4791 3983
3758 3739
1951 4742
3238 4847
807 303
4407 3748
568 2489
813 2859
4612 3902
2634 3909
3622 2688
1291 2723
4975 2221
2085 3414
2463 1990
119 4453
2805 1430
910 1652
3776 3923
2952 4546
4808 943
1460 1219
2420 4335
4300 2084
4353 1130
2452 1926
3467 1025
4254 1793
2749 2344
211 3564
3000 4581
407 1843
1709 4728
4097 1966
1897 3203
2454 4841
1221 4624
1541 1826
4707 4794
3329 3209
3186 4830
2988 2206
2545 1398
928 158
443 571
1448 238
657 1712
2718 1731
4480 460
1227 2217
847 1497
2729 3528
1044 4295
2060 478
4857 4229
2550 380
4005 3008
4802 2717
1828 601
4254 4978
4481 1555
220 3248
3779 4110
4466 396
3730 1922
2683 3207
2681 1486
541 1193
77 2943
4725 3793
1427 4659
703 2776
795 1614
3581 4984
2421 1488
3384 237
4649 2926
705 191
1723 4626
2691 1517
1304 1408
4726 4788
3172 4553
2612 3306
24 1052
1694 3803
3853 2219
458 1014
3686 2901
2091 1841
2811 840
1085 4971
316 2942
4749 2649
2053 3660
1924 916
1552 2954
1836 641
4975 3445
3332 249
1235 3685
4366 2169
1593 3555
4198 4135
958 4740
4117 4373
1723 2795
31 4892
253 2552
2459 4125
1140 2889
1538 3860
1962 2965
4804 3348
2597 448
2231 3061
688 4718
1500 1520
1705 1686
3180 930
2866 4784
158 4560
4238 2863
772 1084
4940 355
3740 2564
1874 172
3206 868
802 1385
2410 3023
2987 107
1616 610
1129 1237
215 3713
2815 914
1445 1117
3937 695
4356 2447
1879 36
2678 4328
429 3071
2833 352
2909 4137
2418 680
3964 882
1212 389
2782 4551
555 1963
3338 9
1517 336
363 1844
3688 3229
1153 2044
380 94
238 176
730 4288
992 3933
4129 140
3661 1736
2810 4092
2414 95
4453 442
3965 3272
757 49
1510 4878
315 4783
2360 4307
2293 886
634 2129
2974 784
3451 1933
2141 3916
2763 1891
23 1655
2890 1198
2737 4491
2782 4414
2900 3243
3348 1108
2426 4145
1667 3034
430 764
718 3735
4159 1906
1383 1305
2599 511
99 4273
1880 4485
4947 2592
2520 4180
3394 620
2801 1484
1825 4611
1423 225
1921 2666
4013 3309
3159 1126
2890 3481
3204 4865
3799 3817
1995 2122
2745 911
1163 3567
2085 1197
2451 1136
4129 1471
597 2825
3989 1847
3824 3073
388 4634
1875 2080
3865 972
1575 3067
3375 4908
888 3312
174 3924
4893 933
4870 1381
905 383
2603 3310
2943 3922
396 2437
3695 3323
1334 3471
4962 682
3128 4341
980 4077
81 261
3741 4382
4649 298
3860 875
3596 2594
1844 2117
156 2705
3525 3019
3519 4888
2184 1835
126 2920
953 2476
1053 4261
81 2865
2167 1125
538 922
1072 2852
2843 999
4873 361
564 350
1304 1026
1020 2496
4460 2398
3144 138
2868 4684
169 3246
179 373
2745 1173
4388 892
657 3603
1309 13
2693 2711
1663 1167
2633 1091
3449 2715
3548 4800
2703 4131
3872 4136
1278 3328
2947 1242
2946 1840
2624 3710
3614 65
4340 2626
2796 2812
1523 2813
3567 317
4390 1945
3443 4127
3123 4812
2167 4236
1884 4567
4147 69
2511 166
3109 4777
770 475
3488 1071
3925 4678
4737 1719
1221 3854
3790 635
3707 563
76 2151
4312 1870
2815 1342
3595 2445
2819 754
3157 4932
1589 2399
588 4969
2254 1109
3976 2290
906 1003
737 2941
4737 306
1630 1506
2244 4575
2705 997
2136 1006
347 4324
1184 769
613 804
704 331
129 1878
2011 205
3338 155
4004 3294
4643 479
3305 171
196 1213
4914 3057
142 4764
4442 4519
4264 1660
217 150
1710 780
1605 202
2676 3251
4430 939
1385 4505
1889 231
3487 2107
4232 75
3554 2213
3482 876
2075 4473
2415 4965
1080 4075
4800 649
4105 4184
3740 3594
3111 1940
2915 1261
2594 1684
287 2887
4945 2560
4509 2734
4292 2092
1760 2775
811 4621
4919 1600
2019 513
1000 4750
2045 1035
419 3895
981 1753
735 2478
3244 4479
4432 3453
3651 759
65 3218
3739 3381
1690 3873
2517 3441
4955 1699
4393 2898
3759 581
323 4241
588 2785
3750 37
583 2313
336 4038
4761 3084
1817 1631
4198 669
2248 3953
3748 1132
733 1256
3651 4692
4601 2574
3813 3747
1204 2253
1534 4700
2623 3545
3984 2770
2912 4179
1502 4563
4876 4435
2342 960
3036 210
4556 2817
1710 986
2197 1545
2745 2170
942 4771
2022 4939
119 783
4435 3521
228 3317
2910 2857
3555 4354
669 4467
2538 2404
2947 3431
4821 1154
1586 2846
3174 843
3891 3505
1108 633
4332 3167
4770 1226
659 1473
2044 3769
1314 4856
2492 3881
4230 3785
1226 1917
3775 4022
4641 1203
2116 3027
4696 213
54 1796
3767 3990
23 1100
4926 679
436 209
4076 2236
2920 2694
781 4532
1998 693
2830 1215
297 3234
1443 2448
2313 4042
1860 3108
1812 2867
1245 677
4763 2506
2536 239
4068 662
3578 3514
346 2961
4841 1498
3375 72
4821 2638
1542 1312
4864 1048
3772 3966
4474 32
983 3711
3880 3293
1947 3623
1877 2793
4526 1220
2856 2249
551 4438
4345 3929
2219 4304
3597 67
4396 866
682 3094
2675 2074
3799 3904
4286 2332
4509 2924
2735 3147
1202 2033
3102 1450
1124 1661
4718 4359
2617 2263
3734 4448
4244 3465
2574 1628
2461 855
4664 2142
3924 800
4027 3858
3686 4050
3965 3527
3192 3039
659 1355
1046 2931
4669 665
3773 2187
3179 491
2851 3181
2783 2374
505 857
290 1521
2011 653
1140 4675
952 4171
1627 3308
4913 3440
1739 3290
710 2258
1448 1862
4582 521
1719 717
450 3952
2681 574
789 1598
3216 2622
4687 4630
1430 46
4255 2583
3614 4747
1980 4483
2644 2894
1999 3587
2103 3168
3504 4399
2201 1861
4931 2347
1656 3193
3263 3838
4593 3950
4513 4902
3080 204
4408 627
713 4280
1690 386
1169 794
1478 254
2314 1578
2584 3436
4287 401
174 488
4721 3165
526 4552
4596 2999
4317 1778
244 520
163 3563
2457 16
1235 1390
4366 1960
1511 4781
3013 1265
2118 2827
1922 3432
321 2872
3406 4795
3084 3043
1233 1303
2872 2009
999 3704
157 4766
886 3509
4927 846
843 1306
2022 1965
4507 1189
3980 951
323 592
4980 3618
4199 1063
1593 4101
2805 216
2681 2494
1807 2838
1167 3151
3124 2006
1286 3052
1845 1449
2185 4538
52 1067
4792 2780
1767 1300
1759 530
2587 2467
1510 4571
1882 2757
1650 1645
247 985
3049 3277
3904 4591
2882 4921
26 2861
2223 2855
2476 2707
4405 1568
4624 311
628 2328
3749 45
179 4248
3318 4176
822 3214
1232 3116
4895 1679
852 3261
3321 1319
4503 643
3437 4492
1309 4431
4082 4346
177 3239
4488 2588
887 4537
1934 1867
2445 3621
1590 3409
4901 3048
4543 96
701 2069
2440 3249
2683 4134
3645 4631
3940 1170
4887 3382
4400 4364
3324 661
4833 1702
297 2677
698 792
420 4439
2204 2821
1334 1118
3260 604
4485 2335
2854 3196
2398 3189
3971 2391
1060 3978
3730 2948
20 2073
4092 3392
3381 3062
2792 3575
3065 2774
2452 803
3699 1961
1717 731
1173 2572
632 4069
547 4710
4813 4823
2965 3676
142 4911
3519 4604
1943 412
1677 961
1434 70
1282 3842
2281 4748
158 3009
944 2885
2994 110
4668 4510
2564 2179
1547 1463
1907 1583
1686 968
2567 2546
1747 3133
2263 1608
4399 3973
1826 219
3519 594
35 1158
2970 1482
4767 387
80 510
2161 676
1769 134
699 4720
3406 2725
3255 2220
4376 2934
570 2015
1496 3038
4332 2892
223 251
711 3806
4142 936
1170 3346
4496 1819
1582 2627
505 4930
4233 4394
4938 3681
3918 962
465 3768
4058 762
2724 4227
356 3458
4458 3821
2791 4209
3869 3866
3650 2472
974 4469
1071 3250
3261 1113
1216 2722
4846 2311
3810 603
4347 3056
459 4987
4626 3016
2146 88
2076 4029
4799 566
1311 2598
566 265
2897 2577
3925 2333
1428 2140
1555 2364
3299 3231
174 1919
1929 554
3808 2704
3393 1987
1856 2108
139 1540
2525 4367
2303 19
4247 3232
711 624
4259 3576
302 4785
1948 2284
2250 3522
1207 774
2414 2836
1683 1231
3978 1128
2841 3170
3836 1837
1841 4541
3461 1561
106 4160
1118 3582
3372 4673
2694 3864
323 923
4618 3544
2749 3357
3923 2786
4765 607
1035 2541
2085 1392
4806 1514
3521 3584
3925 1662
4713 2470
2545 663
731 2064
4159 1637
3639 4950
3011 501
4224 4555
1502 918
368 369
4315 4344
317 4550
2728 2012
910 2014
660 3830
2636 3920
1883 2842
2833 756
1575 4461
616 1784
647 1761
156 2225
900 4276
306 3814
2908 376
4567 4682
4856 586
3876 691
940 3215
1781 2976
515 91
4232 2291
2639 1346
3704 1001
35 966
4333 4580
2756 2766
1298 1908
44 1033
3037 3262
4165 4520
2798 4245
3887 991
4228 4852
412 4071
3536 3655
1869 1596
2105 3014
3026 2434
4360 4151
3249 3076
383 4401
2817 4331
2390 2700
2182 4822
4679 4173
769 3512
1818 432
2909 859
782 550
3512 1470
1349 4723
3930 1399
3381 1446
491 3187
3553 2953
4217 1971
2573 221
2167 424
1945 267
3176 4443
2560 3862
1123 1469
1669 3552
789 300
1001 1613
1506 2295
67 1339
455 1646
4542 2345
2795 3684
2720 4744
44 2835
4718 4516
4352 3726
4004 3719
3906 4727
3487 3731
3452 2349
729 4636
3613 1553
1801 1259
2459 919
2077 3183
4616 874
1243 2269
3320 4081
3630 2490
1162 3368
4609 3198
1880 3276
762 4549
843 849
2945 2784
4880 2280
1127 873
2000 3082
723 3335
2919 444
1314 2571
2429 184
2373 2534
4101 2500
2717 1842
4885 1641
1805 4301
996 104
8 3223
3068 4906
3121 4579
2080 4751
1813 2484
3122 1413
13 1773
3024 927
455 198
3413 2037
1544 3625
3870 143
3908 3877
4390 2423
3463 3018
1501 2008
487 2148
885 4875
1985 529
1544 2468
4236 3510
341 549
4142 4583
3945 697
2888 4993
2040 3771
3121 812
3876 3677
1554 4867
3785 3809
77 304
712 1004
2737 4768
3945 2424
4333 2800
3325 4958
2660 3605
3610 955
2738 3537
1083 3897
3582 1185
4416 2661
3900 4325
2947 1687
200 3271
705 724
4542 1894
481 4719
1046 4482
2472 4974
3623 4150
2489 1633
171 2375
1616 1964
3361 948
3264 1429
696 2981
1897 218
4931 1079
2208 2230
3177 236
3349 343
1004 178
4459 539
4604 1730
2948 4197
3957 1986
345 2596
3869 329
2297 2883
2868 3778
2273 427
2365 182
3366 3499
2463 165
4880 4918
107 3233
1665 3792
4885 1829
1546 3220
2211 4703
801 1816
4091 4655
128 1068
4490 3470
3082 2498
3366 362
4852 2696
3517 440
1204 3270
1097 324
88 4041
3112 2611
3423 1912
1143 2439
3703 3096
4651 1804
1172 4617
2254 2950
3345 4894
3188 2914
1846 400
3168 3669
285 3415
2089 1775
2284 3919
3414 1188
478 2301
88 4666
3068 707
740 173
2430 456
2321 2298
4983 1122
1902 3072
1877 3502
2976 2671
1610 4672
973 4008
213 1371
4592 2383
1339 2145
3082 4656
1000 4158
2752 301
1103 1834
3013 1737
3113 4272
4838 2606
1265 27
3689 3637
456 4989
1156 3129
3166 4309
755 1852
4820 4253
9 4780
1304 3774
1756 2237
4121 963
3484 108
4763 4521
4610 3951
1315 4030
3484 2672
4713 1176
4221 3627
4182 2503
1855 4358
1715 3764
2381 4334
2396 3678
5 334
73 2875
4099 3693
880 4371
4487 1528
4064 3354
1316 869
4618 2986
1850 381
3931 3259
2303 3005
208 1455
105 806
26 3334
2370 519
3445 3211
3305 320
2718 413
3860 2247
2200 222
4503 815
474 3709
3956 4471
602 2663
4504 2497
180 1149
28 3635
3713 4168
167 1384
792 86
2349 507
4713 2862
2441 901
4396 1104
579 3608
1134 3566
4088 318
1158 2547
4572 4000
2421 2879
3067 4613
938 4797
3701 3090
514 1572
1578 850
866 1087
579 523
526 3316
989 3479
942 753
4174 777
4295 2026
988 2486
4749 4047
4079 4990
2421 1218
2595 4206
3291 3770
906 971
3826 646
2793 162
3625 1953
3616 123
1689 4010
1839 4242
4325 473
2423 1513
4923 2183
1167 1550
1603 3763
3701 2519
2729 2090
2859 1693
824 2046
2307 4311
2138 1362
1835 858
1611 2139
3785 4193
4469 2028
4250 3438
284 4218
3625 4638
3613 1283
2403 4677
1539 3556
4062 1771
2582 1789
461 2893
4010 2038
2502 327
3640 4299
1025 3568
3218 3572
1656 1093
4487 4627
1019 3351
2313 1200
1524 3131
4887 3058
1893 4598
4356 4410
1287 4470
1208 2507
539 159
2277 2106
4067 1021
2238 3333
2424 2016
3942 1777
3155 3240
1942 1442
4280 1217
27 1161
1693 1932
3132 2068
3080 4028
2357 3636
3035 4113
3066 2803
2810 4874
3948 58
512 3878
4437 3399
357 1604
919 309
2375 1770
393 4023
1397 2721
3946 3197
4928 4409
1124 395
3486 2042
1783 2331
2570 3967
3592 1571
3673 2939
1827 2120
1056 2450
566 3400
4469 3818
1873 4954
4532 93
1198 3355
644 4188
1474 1519
1913 2428
2480 2406
2828 136
464 1918
4646 4252
4766 567
3405 4698
3174 1577
690 1563
915 4015
1105 3928
3295 4647
4195 2389
1278 4883
2291 1977
4294 4036
193 1436
937 2274
4652 3571
4739 4982
2019 2523
3962 17
1274 3164
3965 993
3553 1251
1693 4524
1008 2549
3860 2608
2296 1716
4186 2180
1096 3885
3790 4476
2267 1366
4240 2438
4833 528
4088 4256
1219 2923
3675 3411
4643 4506
3588 2355
497 3077
2161 4849
4942 3847
196 2529
4179 1367
4981 4374
1031 4211
3866 4433
2886 2936
2750 1681
2445 2317
3668 2330
2624 3154
4103 658
4711 621
61 56
453 2194
1523 1057
3802 1576
3772 904
450 4152
1535 2777
3050 1374
2460 639
3163 3911
1644 969
3860 2710
4856 10
3597 4807
2553 638
2756 2057
2109 946
4385 1115
4263 3893
2152 144
1260 3365
1512 585
2483 449
1229 1394
2882 4349
2078 3969
4795 3861
664 589
192 2891
964 4573
3423 4922
549 3326
970 2807
1862 2998
3115 925
4494 2790
520 4375
2190 2853
2278 3615
4581 53
1550 1868
4129 1664
1144 4462
4343 1620
657 3744
3756 883
602 1106
4912 4372
4462 1454
2108 4445
417 2283
3691 1332
3445 2719
2668 3032
847 1799
3141 3142
2159 4436
3150 893
1245 255
832 1725
3229 2957
600 2453
2969 3003
2237 3247
388 1727
790 1051
801 2001
1485 3242
3270 2465
1106 2679
3049 2395
3613 3347
4991 2940
3193 272
1423 2132
3753 1135
3349 109
2064 4009
2824 4904
2160 786
3754 1981
3479 2645
3488 1240
1613 3191
4459 965
4152 853
1918 2876
3613 4854
4770 1435
571 2966
2901 3882
4705 2186
263 3849
64 332
1988 4594
4749 1393
4832 1810
383 3098
2924 4498
592 3697
2771 2191
4780 1147
2615 817
1988 3628
2907 2716
3127 4455
1774 818
606 4635
2727 2005
3505 1866
251 2768
226 4216
2569 1910
3331 3612
3078 2356
4192 543
3731 2110
3367 1089
4914 1762
2754 3832
2399 2056
2617 1267
2317 4478
2752 3533
3451 59
3497 4007
3571 3373
1057 1027
1398 2341
4796 3716
385 3200
4583 4149
2417 4204
2419 2979
314 2171
2810 2475
26 101
3305 4279
3258 3524
3392 3598
1130 1653
2457 3784
3486 1494
485 1090
2512 2137
1288 4757
2332 2133
2987 654
2154 3401
988 1368
1182 3100
3607 2906
2900 4282
4814 3040
1898 2698
4412 809
41 1281
173 3285
1812 4386
91 3679
4577 2551
3098 3313
1674 2670
3225 1081
2539 3087
3512 3178
2441 4850
719 240
4585 4475
3027 1364
4154 3283
2041 1054
1327 3757
4295 2834
4511 4986
1045 1955
4404 1201
4013 3649
4917 437
2184 4046
1914 692
4347 1055
790 3839
3049 1458
3632 2937
1564 926
2873 4704
3309 3175
1126 3300
81 2990
4381 2216
1756 878
4839 3835
831 1743
3085 264
1869 1187
3405 2377
2543 4835
3795 68
1606 1647
2846 2746
2830 2343
4165 3302
617 2049
1205 83
3157 1615
570 1713
2593 1266
3127 4156
1093 1803
3996 466
4124 1983
2858 4132
2137 3593
4668 4685
2362 1248
1599 2764
2945 2922
3337 1041
3656 308
510 860
4707 4178
1719 2788
1884 2272
4050 1531
1323 3063
1842 3146
3897 4836
3088 1078
4722 1666
1273 2433
1225 2212
2469 3403
2493 920
2392 2299
4851 79
4380 1678
3322 2944
2446 3586
742 3221
3069 499
113 1295
2081 2628
3207 3737
3937 1431
1638 447
767 2131
1948 1467
97 428
599 4662
3341 4429
3312 1508
3140 4395
466 4337
794 2844
186 2655
4718 1982
1117 518
1627 11
2965 2096
4965 1994
1098 1732
792 4587
1015 493
4559 1333
2482 1022
2681 1923
405 2747
3261 2528
414 2653
2737 4104
2832 1043
314 1415
1612 2266
2278 4172
4100 3732
4541 3448
2517 4323
145 245
1800 3981
1460 2173
3120 2848
2038 1272
1942 2023
770 3427
3109 122
3402 921
3371 2205
2340 4949
3145 2960
1915 3958
1386 3210
4506 525
2294 744
3652 2260
4724 3095
1047 2772
3017 732
1293 1958
1699 4477
26 4568
3621 4889
4641 4139
2589 2881
1474 480
3455 4484
607 4454
4645 2870
2103 2992
4513 2814
1227 773
3333 2326
1975 431
2429 1565
2740 1464
3311 2895
3874 791
2754 1062
3937 3921
2264 1746
2641 1675
4520 4603
399 1023
41 4265
4978 4208
846 4257
823 3185
3212 4717
4275 435
2375 471
2670 4370
3219 1152
801 982
4289 4327
1813 3422
4481 294
2194 4415
3822 2153
363 4090
373 2052
2162 3903
3061 2226
60 2809
4469 2471
1074 2111
4248 2586
1507 576
1155 4398
659 3511
2833 4243
672 522
2648 2402
1348 111
3714 2877
811 4614
3562 1776
3796 2175
3507 319
4421 125
2843 2635
2028 2609
278 3999
3185 827
4388 1499
3556 2178
565 3535
3043 2039
3251 4916
3996 1752
1676 788
573 4697
99 2245
4934 4426
1848 736
4463 776
3198 2501
2222 3199
1336 1477
4410 1320
705 2372
4815 3269
3767 4731
1535 2407
3432 2522
1414 3370
2422 2155
3869 3296
2266 1768
3341 3230
316 3424
77 2189
3759 2604
2400 2530
2131 3943
965 1395
3559 379
1092 879
1764 950
1908 1070
4328 1909
2625 3407
3472 4040
3628 2350
277 326
362 4632
4000 4827
2469 3541
2432 4164
2973 1920
1797 2674
222 4853
2166 2616
2890 3022
4363 4109
1364 3494
3203 1343
1921 4066
2500 4925
4016 4425
1178 3680
1184 1024
399 1328
3132 3126
469 727
277 2930
3348 2466
845 3169
4630 1959
3963 2637
4607 2304
137 3490
3318 2554
3241 3975
412 4418
4475 50
2951 2971
1570 1634
2680 2474
2381 553
2093 1680
1270 4995
2602 2366
1958 1609
1514 4093
4010 1344
1719 4157
1315 3968
310 4129
3264 3093
3163 3118
3163 2623
1724 4519
1579 1902
4530 1002
4530 489
4458 3927
1722 2997
2491 4079
2491 537
1274 2044
1227 2079
1227 294
3497 284
2487 2266
4383 1493
2128 1946
1462 2960
4027 3930
2201 1861
3617 614
1830 3975
3093 587
4167 2410
1714 291
382 1613
3602 1040
4097 46
4097 1306
1468 3827
3934 1850
3804 188
3804 3055
1080 4755
1080 2155
1901 2077
1255 1303
2233 3518
3227 789
3227 329
1838 876
797 1829
3907 1323
3907 1414
3907 3063
524 2823
4882 3214
117 703
4629 3737
3683 3026
1580 1570
4942 1638
4942 3147
2916 1879
1569 3498
433 2854
433 3004
3425 4659
2449 715
2963 2158
3376 2384
3995 2829
2623 241
2851 3700
356 670
1638 116
534 155
2833 115
2833 2065
3640 3997
2502 3075
353 86
1642 3492
3042 1418
3042 2230
504 4566
3149 2902
4430 2293
4430 4811
3024 3202
1603 503
1501 4288
3350 1411
4514 2903
1636 3297
1636 2038
535 195
4957 3616
1153 2044
2542 612
1502 4563
1502 918
2673 3452
2673 2326
4016 2222
673 1717
2718 4298
609 1906
605 1880
4413 4781
2967 4210
346 1300
4079 3112
4079 3834
3157 1615
186 4737
766 486
766 1218
509 4583
3372 688
2094 1195
3543 801
4786 3262
4400 4364
4831 4871
655 54
4064 947
4064 384
4838 3066
3694 3280
2267 2441
3397 235
1825 282
4186 4449
4186 3213
645 4072
645 3947
3930 3180
3696 3797
700 1822
1407 1228
1476 2642
4813 2541
287 3883
287 2887
4187 2263
824 168
3429 42
3491 758
3745 130
2801 3928
2801 2679
453 960
453 4771
2744 457
2744 1118
2744 2725
4610 1291
1512 585
398 1853
2828 895
3314 4004
1146 4183
726 4595
726 1445
3383 3857
1182 4794
4959 68
2136 3764
3212 4994
3212 2181
3212 4644
1007 351
2974 2555
2974 784
3938 4548
3938 210
4842 2365
599 4674
3472 4063
4072 4069
98 2798
4531 2390
4531 833
1403 3394
1195 4602
4495 4592
4602 1002
4602 1532
3045 1141
3801 2350
3963 4890
4326 469
2078 4544
2078 528
4059 3442
2983 885
128 3444
189 1301
826 2998
3703 3519
4660 1481
4083 3492
78 2520
842 331
3890 2020
1365 4544
1365 3556
1418 2230
1011 897
1011 224
1347 3832
1347 1062
2779 1778
1141 778
672 381
3156 3676
3156 3250
214 143
1626 252
4096 3453
3805 2574
751 3974
751 1625
1527 1003
2641 2101
1229 4868
1683 1231
1244 2480
1244 1848
1244 1401
1244 736
1291 53
760 768
420 4439
2804 1729
3945 697
2485 529
2659 623
1734 3520
1734 1307
533 74
3758 4182
2072 500
2072 2689
2480 3232
4890 4227
4293 1518
4291 1754
3416 4019
4500 2566
1172 810
4203 4164
3241 308
7 456
4589 2205
4960 1639
4960 2484
573 1950
938 180
938 1772
938 1770
1742 2552
4416 1023
4416 1328
3746 3032
696 4834
705 3200
909 2525
3066 1110
4240 4290
1621 3524
4504 2497
1257 1785
1824 4077
4845 2876
2384 338
2384 2918
4893 4736
4554 1979
1214 1691
1105 35
1105 2846
1114 4084
2013 3476
2013 92
1017 4757
1859 1187
1437 852
279 4037
3340 3327
4963 2517
1411 1049
1311 500
2709 3723
4214 2838
2680 2474
931 468
2252 1839
2252 4922
3725 3737
3013 1161
4098 1760
2815 378
4980 2043
2820 4302
1379 4649
2239 1369
2972 531
2972 3214
2972 1368
4251 4721
4582 521
3295 2681
3311 2052
3225 1081
3467 1728
3467 743
2724 3379
1194 2989
4234 4829
4724 3095
3783 3709
3759 3177
3759 3456
3759 2604
4716 14
3661 2969
4732 3398
2 3021
4919 157
4121 3291
2197 1545
2098 4279
4857 2229
625 1509
666 2357
666 725
1929 735
3423 1912
3638 1782
483 4012
1199 2192
3359 4003
4577 719
4275 828
4275 435
2429 1565
113 1295
3391 1439
597 2825
247 1378
3396 4866
418 4637
4985 4237
378 1956
3906 147
3906 1995
1212 2117
1212 818
1931 5000
4931 2347
4931 1079
3996 466
3996 1752
4496 2232
929 1329
2632 4829
2632 731
2362 1248
1758 671
339 1875
1445 518
2294 744
1715 4254
1715 3764
1380 4300
482 2503
908 1336
908 2139
2167 4236
737 1928
1028 54
3088 3976
2400 996
3153 3777
4843 2857
2544 439
1334 3471
758 2416
1029 1535
4763 1658
4763 984
4763 853
1975 431
3597 1050
757 49
3473 2638
2104 4488
2104 2588
4640 578
1096 2193
4264 746
4264 1549
490 3060
3538 1857
1806 3560
388 1038
4962 3094
419 4078
419 3895
1710 780
681 3255
1326 1927
2182 4822
1044 2834
4283 2639
4540 4163
4226 2218
2745 1216
2745 2170
1562 4829
3216 2622
1249 2558
1911 1341
2430 456
2430 4989
2130 4262
2130 3637
2458 4858
3690 941
4983 3262
2811 840
3836 1837
2708 3716
31 4892
1 2823
723 4516
723 3335
579 4483
2980 4442
4861 3989
2567 2691
4667 661
719 240
675 2368
4701 4348
3305 2809
2693 2711
405 1800
1864 4994
4815 3269
4368 1047
3918 3409
3336 822
3548 4800
436 1552
4735 3220
2620 3844
2753 4162
4741 2111
1618 425
4390 1513
870 1918
1150 3598
2149 1075
2149 3917
190 2389
4868 4207
4348 935
1630 3561
1630 1506
2025 2200
2025 222
1941 3018
3388 1703
2256 57
4142 4149
4412 3498
4412 809
2787 3043
912 465
2214 394
1560 3627
2288 1259
1177 2904
1905 1937
2578 3485
147 4840
2091 3448
4388 1499
4343 4381
3120 2848
3252 470
3252 4359
1611 2139
992 3933
4001 2827
526 3316
4943 73
408 4887
652 1402
4972 531
4972 4932
1180 454
1180 923
644 4188
3395 3532
1478 4784
4254 1793
3117 3385
4799 566
1423 2402
779 3626
226 4216
1874 1155
1505 4441
1505 1548
4941 4829
4129 4933
1296 3138
3554 4626
3554 2795
469 727
2409 3585
3961 3580
3201 3292
4244 622
4244 3465
1610 4672
1595 4318
4408 627
371 1285
1980 4483
2118 2827
4761 242
2150 1834
1729 3985
1119 3622
4773 2678
4773 1909
4105 4184
3137 1639
3028 4114
4584 2762
3279 4684
1704 1978
2285 2045
4117 2456
3321 1319
4352 3726
3161 2634
3161 1856
3161 3570
2152 1591
2152 1645
4192 2717
23 478
4302 12
4302 2802
3596 2594
4518 4508
832 1725
3487 3464
3964 1014
2324 1321
3662 438
3662 1787
917 449
2376 4169
1426 1490
2832 1043
4543 96
391 671
285 2328
3989 1847
2440 3076
2915 1261
2451 3736
2991 4428
2019 513
1546 3220
3755 2658
632 3947
3853 2219
1886 2122
4743 3038
2089 1775
4350 714
1745 1034
3887 991
1377 4183
3404 538
4976 2573
1072 2852
293 2636
293 3920
3406 3861
742 4165
223 954
1491 4099
1590 3409
217 150
2796 2812
598 860
789 1598
606 2365
606 182
3331 2074
763 4163
1551 274
796 258
4975 3586
2657 2403
3159 1126
4679 4173
3695 3323
4472 1456
3180 930
1849 3478
3500 1828
3500 601
4499 4757
3449 3479
3718 4767
3402 921
302 4785
937 2274
1973 2298
3940 1170
18 3811
2277 2106
3068 4906
2312 3278
3648 4502
889 2713
1845 1449
2600 3691
2600 1332
4994 4644
1627 4233
1627 2608
3581 242
1278 4354
3136 4556
1885 3177
3874 2360
2763 1891
3176 4443
3674 2639
2289 3732
464 4944
464 2327
464 1918
2077 3183
1238 1799
1351 4759
738 2000
701 2069
1264 2849
1897 1343
4091 4655
76 1492
2636 546
4396 1104
1404 612
4403 344
4340 2626
3325 4958
2634 3909
4345 3929
35 1158
2695 276
4099 3693
4758 4010
1515 901
897 224
145 245
2691 1517
1788 4639
1879 36
121 2220
4620 4844
4202 3106
3363 3673
750 2942
899 1532
1013 3812
275 1738
558 4810
1204 2253
486 4541
1039 1107
628 2328
996 104
4762 1625
2460 639
3834 1949
1889 4301
2927 508
3463 3018
3557 4503
785 1979
4556 2817
357 4636
3352 3033
4869 4715
1907 135
3041 4387
1881 3624
1881 3793
3946 3197
2456 2781
3367 1089
4557 2857
3559 379
2675 2074
2929 2158
3960 4351
1260 3365
3318 4176
4652 3229
2085 1392
3750 841
2633 1091
3957 1986
4792 2248
4792 3953
3482 876
831 1743
3281 2778
541 1193
739 2865
588 2785
1721 2969
659 3511
2829 3421
1760 1700
1534 4700
377 224
4616 874
2682 3144
297 2677
3371 640
1898 2698
2919 2068
1060 3978
2411 239
3870 143
3341 2297
2984 544
1948 3919
1948 1467
407 1843
2190 2853
4947 2592
2405 3666
2161 4849
2248 2568
2248 3953
2141 3916
4147 69
4705 2186
2856 2249
1262 480
1749 2231
200 3271
2297 161
2297 1645
2297 2883
4315 4344
1336 1477
80 510
517 252
2421 1488
4934 4426
1985 529
1850 381
4459 1395
2987 3233
1205 83
4668 1093
1848 1401
4174 777
4664 2142
3688 3229
1779 3310
321 2009
179 4248
179 2586
2156 3767
1103 1834
2116 3027
1159 3379
4821 2638
4805 2808
1038 122
1005 4222
1566 4729
1566 1048
3993 250
3810 603
2370 519
505 4930
3708 999
1875 4751
4791 3983
2041 1054
1951 4742
2022 1965
2097 4519
2909 4137
89 1292
1893 4598
2198 4899
4909 1589
1510 4524
1083 3897
1083 4836
4033 3631
2418 680
4653 1359
3622 2688
711 624
3519 594
2081 2628
30 3504
2357 3636
2287 4141
1658 984
1658 1037
590 1391
590 350
4593 3950
3037 2515
4816 2399
2639 1346
3450 3085
3504 4399
3826 646
1883 2842
3387 2878
2908 376
3827 4559
1140 4675
1689 2038
2798 4245
3948 58
333 3302
2446 3002
2329 212
4102 4767
981 1753
3322 2944
4846 2311
3653 4287
2802 4259
2907 2716
2648 4597
4058 4549
3645 4631
4525 2568
4068 662
314 3728
137 3490
1676 788
4165 4520
2441 901
284 4218
370 2517
1316 4478
3433 1572
4559 1333
4260 4608
2868 3778
538 922
2681 1486
3405 4698
1828 601
688 4718
4654 2273
1805 4301
2469 3541
4509 2924
106 4160
1164 249
3517 440
2154 3401
2517 3441
2517 4323
2579 161
983 3711
2321 2298
807 303
4182 2503
1020 2496
1873 4954
4870 1381
1056 2450
1542 1312
3050 1374
44 1033
729 4636
514 1572
3140 4395
3128 4341
385 3200
2946 1840
712 178
3656 308
4651 1804
3000 53
555 1963
3739 3381
3748 1132
2489 1633
3414 1188
4453 442
1130 1653
4841 1498
4841 2096
4624 311
1398 2341
158 4560
238 176
478 2301
2717 3146
4978 4208
1922 3432
2943 4337
4984 693
2219 4304
2901 3882
3445 2345
3445 2719
3555 4354
3860 2247
3860 2608
448 4409
3061 2226
1385 4505
9 1147
336 4038
1844 2117
1108 633
4485 2335
682 3094
2705 997
373 2052
373 3424
13 1773
4800 649
2626 2817
4236 3510
1071 3250
155 2879
171 1770
171 471
4965 1994
2560 3862
1631 2622
4435 3521
2817 4331
3521 3584
3505 1866
4856 10
3785 4193
3027 1364
2694 3864
2263 1608
4050 1531
1862 2998
4399 3973
794 2844
1578 850
520 4375
2872 2009
3052 2153
4248 2586
4431 493
3621 4889
4604 1730
3866 4433
2108 4445
4541 3448
607 4454
1514 4093
2291 1977
1001 3191
1908 1070
3731 2110
919 309
539 159
362 4632
4780 1147
4334 2245
222 4853
4000 4827
3479 2645
1550 1868
2038 1272
2317 4478
4462 1454
965 1395
3098 3313
1364 3494
920 1464
1958 1609
