8
0.2388794665 -0.2217758715 0.9002325976
-0.1837702668 0.8555743951 -0.3884425356
-0.4828963999 -0.5222410618 -0.2782241310
0.3202184456 0.0262297753 0.6928964419
0.5904651543 0.3844538247 -0.6482382419
-0.5642353790 -0.7702467086 -0.0708879753
0.4873314633 -0.7186798652 0.4033286039
0.0646817300 0.3586704014 -0.8853465293
-0.7313483967 -0.0253370681 0.2186798627
0.4999999999 0.0000000000 0.9999999999
0.0773502666 1.0773502666 -0.2886751333
-1.0773502667 -0.0773502667 0.2886751333
0.5686704431 -0.4706742197 0.1959924469
0.3420131568 0.8813578197 -0.1513342469
-0.8126873765 -0.2733427136 0.4260160197
0.6237796476 0.1631243097 0.7077825070
0.2869039523 0.2475592903 -0.6631243070
-0.9535706190 0.0857740430 -0.0035423596
0.8333333333 -0.6666666666 0.3333333333
0.4106836000 0.4106836000 -0.9553417999
-0.7440169333 -0.7440169333 -0.3779915333
0.8722316445 -0.3337796840 0.2108785134
0.0384519554 0.7444632840 -0.1662203134
-0.7051186221 -0.4111299507 -0.5004463532

8
-0.5904651543 -0.3844538247 0.6482382420
0.5642353789 0.7702467085 0.0708879752
-0.3202184457 -0.0262297753 -0.6928964420
-0.4106835999 -0.4106835999 0.9553418000
0.7440169333 0.7440169333 0.3779915332
-0.8333333333 0.6666666667 -0.3333333334
-0.3420131568 -0.8813578197 0.1513342470
0.8126873764 0.2733427135 -0.4260160198
-0.5686704432 0.4706742197 -0.1959924470
-0.2869039522 -0.2475592903 0.6631243071
0.9535706188 -0.0857740431 0.0035423595
-0.6237796478 -0.1631243097 -0.7077825071
-0.0773502667 -1.0773502667 0.2886751334
1.0773502665 0.0773502665 -0.2886751334
-0.5000000001 0.0000000001 -1.0000000000
-0.0646817300 -0.3586704014 0.8853465293
0.7313483966 0.0253370680 -0.2186798627
-0.4873314634 0.7186798652 -0.4033286041
-0.0384519554 -0.7444632840 0.1662203135
0.7051186220 0.4111299506 0.5004463531
-0.8722316446 0.3337796840 -0.2108785135
0.1837702668 -0.8555743951 0.3884425357
0.4828963998 0.5222410617 0.2782241309
-0.2388794666 0.2217758715 -0.9002325977

8
-0.7594967947 0.4652480740 -0.3512485021
0.4652480743 -0.7594967940 -0.3512485021
-0.0569997843 -0.0569997840 0.7594967921
-0.6969234245 0.5278214442 -0.6969234235
0.5278214445 -0.6969234238 -0.6969234235
-0.6969234235 -0.6969234238 0.5278214445
-0.4873312671 0.3291653103 -0.4873312661
0.8955795561 0.0790829797 -0.3291653119
-0.3291653119 0.0790829797 0.8955795561
-0.3512485033 0.4652480742 -0.7594967939
0.7594967923 -0.0569997842 -0.0569997841
-0.3512485023 -0.7594967938 0.4652480741
-0.3291653129 0.8955795562 0.0790829797
0.8955795561 -0.3291653118 0.0790829797
-0.4873312661 -0.4873312662 0.3291653103
-0.1195731555 1.1051717138 -0.1195731545
1.1051717135 -0.1195731542 -0.1195731545
-0.1195731545 -0.1195731542 1.1051717135
-0.0569997851 0.7594967926 -0.0569997841
0.4652480741 -0.3512485026 -0.7594967939
-0.7594967939 -0.3512485026 0.4652480741
0.0790829787 0.8955795565 -0.3291653119
0.3291653103 -0.4873312665 -0.4873312661
0.0790829797 -0.3291653115 0.8955795561

8
0.6583306206 -0.9746625322 -0.9746625322
0.1581659594 1.7911591122 -0.6583306238
0.1581659594 -0.6583306238 1.7911591122
0.9304961483 -1.5189935877 -0.7024970045
-1.5189935877 0.9304961483 -0.7024970045
-0.1139995683 -0.1139995683 1.5189935845
0.9304961483 -0.7024970045 -1.5189935877
-0.1139995683 1.5189935845 -0.1139995683
-1.5189935877 -0.7024970045 0.9304961483
1.0556428888 -1.3938468472 -1.3938468472
-1.3938468472 1.0556428888 -1.3938468472
-1.3938468472 -1.3938468472 1.0556428888
1.5189935845 -0.1139995683 -0.1139995683
-0.7024970045 0.9304961483 -1.5189935877
-0.7024970045 -1.5189935877 0.9304961483
1.7911591122 -0.6583306238 0.1581659594
-0.6583306238 1.7911591122 0.1581659594
-0.9746625322 -0.9746625322 0.6583306206
1.7911591122 0.1581659594 -0.6583306238
-0.9746625322 0.6583306206 -0.9746625322
-0.6583306238 0.1581659594 1.7911591122
2.2103434272 -0.2391463088 -0.2391463088
-0.2391463088 2.2103434272 -0.2391463088
-0.2391463088 -0.2391463088 2.2103434272

2
-4.0000000000 -2.0000000000 -1.0000000000
-4.0000000000 1.0000000000 1.0000000000
-4.0000000000 -1.0000000000 -5.0000000000
-1.3866666667 1.7333333333 -1.3733333333
-4.0000000000 1.0000000000 1.0000000000
-2.6933333333 0.8666666667 -5.1866666667

2
7.6628000000 5.9721000000 2.9851000000
7.4840000000 5.9721000000 5.7133000000
8.5667000000 5.9721000000 1.2124000000
9.5854867082 8.8906033201 2.5575107160
9.8751599750 9.6017128206 5.1815262183
9.7152063453 7.7154519291 0.9569818896

8
-1.1240339329 -3.7438932631 -0.1625074112
1.9337408509 -2.2074713252 2.1375659177
3.9669820333 2.0964935069 0.7414118482
-1.0443014302 -4.1059540731 -0.1535405486
2.3518814523 -4.1062242777 2.1845907722
-1.0644058630 1.1213821512 6.1073401015
-1.0336545006 -3.6374835860 -0.4457383587
2.4077170703 -1.6494278057 0.6522198571
2.5607326252 0.4408231657 5.1483144162
-0.9085486073 -3.8469677624 -0.0323461679
2.9176420556 -3.2370102251 -0.3065984884
0.6141604464 3.7002704938 -1.2838185254
-0.8925392703 -3.9272744551 -0.6291326080
3.1477666772 -3.1691760171 -0.3095533114
1.2969217320 3.9015291456 -1.2925852481
-0.7667604456 -3.6800311915 -0.4766817247
2.1740633992 -4.1124745068 2.0236273390
-1.5919777575 1.1028382232 5.6297745119
-0.7618560920 -4.1301921254 -0.2332185056
2.1483435325 -1.7516986953 0.7468348958
3.3302730982 0.7442526884 4.8675991889
-0.6926052279 -4.0486585076 -0.4502367737
1.7851717139 -2.1792848726 1.8849422688
4.4077747404 2.0128665641 1.4909259424

2
1.9764104219 0.7330805875 3.9192731748
-3.3268232848 -0.2832520098 1.0689452840
-2.5372401788 1.2786081675 0.9458858753
2.6424896089 -1.0636547598 3.3042733655
-2.6760907449 -2.0385900822 0.4681152389
-1.1613646507 -2.4327886802 -0.3244783755

4
-1.2462970694 1.6231485347 -0.5652771980
-0.2462970694 3.6231485347 -0.5652771980
2.3768514653 1.3115742673 2.7173614010
-0.5415378997 1.2707689499 -0.0938465752
0.4584621003 3.2707689499 -0.0938465752
3.2707689499 0.8646155251 1.0469232876
1.6600901728 0.1699549136 -2.7450676296
2.6600901728 2.1699549136 -2.7450676296
3.8300450864 0.5849774568 1.6274661852
1.7829172101 0.1085413950 -1.8371879076
2.7829172101 2.1085413950 -1.8371879076
2.1085413950 1.4457293025 1.9185939538

2
-4.5015617378 0.2984382622 -1.5000000000
0.4984382622 -4.7015617378 4.5000000000
-1.1692695630 -5.1692695630 1.5000000000
-1.2984382622 3.5015617378 -1.5000000000
3.7015617378 -1.4984382622 4.5000000000
4.1692695630 0.1692695630 1.5000000000

14