2
-4.5304714403 -3.3927750068 -2.0203142935 1.2550785734
-5.5304714403 2.6072249932 -6.0203142935 0.2550785734
-5.6478535802 -3.0445812551 1.2347642798 1.4413089300
-6.5304714403 0.6072249932 -2.0203142935 3.2550785734
0.8752990265 -0.2394089012 1.5835326843 0.3541168289
-0.1247009735 5.7605910988 -2.4164673157 -0.6458831711
-1.5935257301 -0.6795566759 3.9376495133 0.7655876217
-1.1247009735 3.7605910988 1.5835326843 2.3541168289

8
3.3472667195 -2.7640380322 -5.7012737329 4.1627155981
-2.3472667195 -2.2359619678 -0.2987262671 3.8372844019
0.0000000000 -5.0000000000 -5.0000000000 -3.0000000000
-2.0418001585 0.2921140965 -1.8961788014 -5.4881467942
3.4521912112 -3.6948139687 -5.2849618883 4.3686947275
-2.4521912112 -1.3051860313 -0.7150381117 3.6313052725
0.0000000000 -5.0000000000 -5.0000000000 -3.0000000000
-5.6434263664 -1.0844419060 -4.8548856648 -3.8939158175
3.5636992951 -3.5961882590 -5.6144791687 4.2767970482
-3.4363007049 -2.5961882590 -1.6144791687 4.2767970482
0.0000000000 -5.0000000000 -5.0000000000 -3.0000000000
-5.3089021146 -0.7885647771 -5.8434375062 -4.1696088553
3.5749003178 -2.6450739556 -5.8326559550 3.9986495200
-3.4250996822 -1.6450739556 -1.8326559550 3.9986495200
0.0000000000 -5.0000000000 -5.0000000000 -3.0000000000
-2.7247009533 -0.0647781331 -1.5020321350 -4.9959485601
4.0921249090 -3.5827351854 -4.1930976129 3.9709958193
-3.0921249090 -1.4172648146 -1.8069023871 4.0290041807
0.0000000000 -5.0000000000 -5.0000000000 -3.0000000000
-3.7236252730 -0.7482055563 -1.5792928387 -5.0870125422
4.2294402145 -2.6095330698 -4.1960963573 3.6144721831
-3.2294402145 -2.3904669302 -1.8039036427 4.3855278169
0.0000000000 -5.0000000000 -5.0000000000 -3.0000000000
-4.6883206434 -0.1714007906 -6.4117109282 -3.8434165493
4.3775370427 -3.4536517044 -4.2258972491 3.7710221768
-2.6224629573 -2.4536517044 -0.2258972491 3.7710221768
0.0000000000 -5.0000000000 -5.0000000000 -3.0000000000
-2.8673888718 -0.3609551131 -1.6776917473 -5.6869334695
4.3987268339 -2.5007879556 -4.4270310518 3.4866669394
-2.6012731661 -1.5007879556 -0.4270310518 3.4866669394
0.0000000000 -5.0000000000 -5.0000000000 -3.0000000000
-5.1961805016 -0.4976361331 -5.7189068446 -3.4600008182

4
-3.7532705833 3.7355861261 -5.1421996966 4.5851905484
-8.0130823330 2.9423445044 1.4312012138 0.3407621938
-4.2598117498 0.2067583783 -3.4265990897 2.7555716453
-6.5065411665 1.4711722522 3.7156006069 2.1703810969
-2.8394050273 3.6167001149 -5.0192735995 3.0906491430
-5.6423798908 5.5331995404 2.0770943982 1.6374034281
-2.4817849181 2.1498996553 -2.9421792014 3.7280525711
-5.3211899454 2.7665997702 4.0385471991 2.8187017141
-2.6780931112 3.6952879715 -4.9613667579 3.1044364862
-6.2876275552 5.2188481141 1.8454670315 1.5822540551
-2.9657206664 1.9141360856 -3.1158997264 3.6866905413
-5.6438137776 2.6094240571 3.9227335157 2.7911270276
-2.4673442449 4.3620630602 -4.6805851136 4.6950987825
-2.8693769798 5.4482522406 3.2776595457 0.7803951299
-0.4020327348 2.0861891805 -2.0417553407 3.0852963474
-3.9346884899 2.7241261203 4.6388297729 2.3901975650

6
0.0995827919 -3.1310714013 1.3980949469 0.4561914225
-0.0995827919 -1.8689285987 -2.3980949469 -5.4561914225
-0.0331942640 3.0436904671 -2.7993649823 -4.1520638075
-1.1327770559 1.1747618684 1.8025400708 -5.6082552300
1.9468132313 -3.2242090705 2.3915634185 -2.7725811101
-1.9468132313 -1.7757909295 -3.3915634185 -2.2274188899
-0.6489377438 3.0747363568 -3.1305211395 -3.0758062966
-3.5957509750 1.2989454273 0.4779154420 -1.3032251865
2.5863036368 -2.0967884187 0.3657431324 2.3113348198
-3.4136963632 -1.0967884187 -4.6342568676 -2.6886651802
-1.1378987877 3.3010705271 -3.5447522892 -3.2295550601
-5.5515951510 2.2042821085 -1.1790091568 -1.9182202403
3.6801024598 -1.1435345778 0.1977021633 1.3574679694
-2.3198975402 -0.1435345778 -4.8022978367 -3.6425320306
-1.2267008199 2.3811781926 -2.3992340544 -4.4524893231
-4.0931967203 3.4752872296 -1.4030637823 -3.1900427074
4.9479008542 -1.2074571859 0.8795433165 -0.8585157788
-1.0520991458 -0.2074571859 -4.1204566835 -5.8585157788
-1.6493002847 2.4024857286 -2.6265144388 -3.7138280737
-2.4027988611 3.3900570854 -0.4939422446 -6.1446877050
5.0607551868 -2.2215506817 1.6965406046 -2.0137569651
-0.9392448132 -1.2215506817 -3.3034593954 -7.0137569651
-0.3130816044 3.2594831061 -3.1011531318 -4.6712523217
-2.2523264177 2.0379324244 0.5953874729 -7.6850092868

10
-4.2402269515 -0.8753400552 0.3634102238 -3.6501127317
3.7597730485 -3.8753400552 -3.6365897762 1.3498872683
-3.6201134757 -6.4376700276 1.1817051119 2.6749436341
4.1899432621 0.2811649862 -0.9091474440 -2.6625281829
-4.0899905305 -0.6865537784 -2.4752297654 0.3518687694
2.0899905305 1.6865537784 -1.5247702346 2.6481312306
-4.4550047348 -3.6567231108 2.2376148827 3.3240656153
4.2275023674 0.3283615554 -1.6188074413 -1.6620328076
-3.8799834088 1.7663598872 -3.4188888626 0.7326782963
1.8799834088 -0.7663598872 -0.5811111374 2.2673217037
-3.4399917044 -5.1168200564 -0.7094444313 4.8663391482
4.2800041478 0.9415899718 -1.8547222156 -1.5668304259
-3.4101505742 3.0151261055 -1.7621099194 2.0556286464
1.4101505742 -2.0151261055 -2.2378900806 0.9443713536
-3.2050752871 -4.4924369472 0.1189450403 5.5278143232
4.3974623565 1.2537815264 -1.4405274799 -1.2360928384
-3.3211859596 1.5673741599 3.6042389845 -1.0622867810
4.6788140404 -1.4326258401 -0.3957610155 3.9377132190
-3.1605929798 -5.2163129200 2.8021194922 3.9688566095
4.4197035101 0.8918435400 -0.0989402539 -2.0155716953
-3.3053809677 1.3988558490 0.2915513245 2.5611641173
1.3053809677 -0.3988558490 -4.2915513245 0.4388358827
-4.8473095162 -4.6994279245 0.8542243378 2.2194179414
4.4236547581 0.8497139623 -0.9271121689 -1.1097089707
-3.2762883509 -1.1553979852 -1.7111220794 -0.6200750933
1.2762883509 2.1553979852 -2.2888779206 3.6200750933
-4.8618558246 -3.4223010074 1.8555610397 3.8100375466
3.5690720877 1.7888494963 -0.5722194801 -2.0949812267
-3.2717923422 0.7512887748 -3.3794782592 -0.8179415951
1.2717923422 0.2487112252 -0.6205217408 3.8179415951
-3.1358961711 -5.6243556126 -0.6897391296 4.0910292025
3.5679480855 1.3121778063 -0.1551304352 -2.0455146012
-2.4582792496 1.0187840997 1.1734363303 1.6832663235
0.4582792496 -0.0187840997 -5.1734363303 1.3167336765
-5.2708603752 -4.5093920499 0.4132818348 2.6583668383
3.3645698124 1.2453039751 -1.2933590826 -2.6708165809
-2.3575377431 3.1812812618 -0.1555278309 1.7564068813
0.3575377431 -2.1812812618 -3.8444721691 1.2435931187
-2.6787688715 -4.4093593691 0.9222360845 5.3782034406
3.3393844358 0.7046796846 -0.9611180423 -2.6891017203

14
-0.2295848645 2.6173585592 -3.6887545934 -3.5713960342
2.7704151355 2.6173585592 -4.6887545934 -3.5713960342
1.5408302711 1.2347171184 -1.3775091868 -6.1427920684
-3.7704151355 -3.6173585592 -3.3112454066 1.5713960342
-0.2279553078 2.8422967092 -3.6838659234 -3.6749025475
2.7720446922 2.8422967092 -4.6838659234 -3.6749025475
1.5440893844 1.6845934185 -1.3677318467 -6.3498050949
-4.2279553078 -4.1577032908 -4.6838659234 0.3250974525
0.0771130142 2.4618550236 -2.7686609575 -3.8068059338
3.0771130142 2.4618550236 -3.7686609575 -3.8068059338
1.8457739716 3.0762899527 -0.4626780851 -3.3863881324
-3.9228869858 -4.5381449764 -3.7686609575 0.1931940662
0.0945366330 3.1575610549 -2.7163901011 -2.0588290462
3.0945366330 3.1575610549 -3.7163901011 -2.0588290462
2.1890732659 2.3151221099 0.5672197977 -3.1176580924
-4.0945366330 -4.1575610549 -4.2836098989 0.0588290462
0.0948045830 2.2691187495 -2.7155862509 -3.6131341680
3.0948045830 2.2691187495 -3.7155862509 -3.6131341680
1.8103908339 3.4617625010 -0.5688274982 -3.7737316639
-4.0948045830 -3.2691187495 -4.2844137491 1.6131341680
0.1014815672 3.3913581675 -2.6955552985 -2.1375304643
3.1014815672 3.3913581675 -3.6955552985 -2.1375304643
2.2029631343 2.7827163350 0.6088894030 -3.2750609286
-3.8985184328 -3.6086418325 -3.6955552985 1.8624695357
0.2760421479 2.5711813577 -2.1718735562 -2.7673588652
3.2760421479 2.5711813577 -3.1718735562 -2.7673588652
1.4479157041 2.8576372847 -1.6562528876 -5.4652822696
-4.2760421479 -3.5711813577 -4.8281264438 0.7673588652
0.3023082077 2.8371803461 -2.0930753769 -2.7558950308
3.3023082077 2.8371803461 -3.0930753769 -2.7558950308
1.3953835846 2.3256393077 -1.8138492461 -5.4882099384
-3.6976917923 -4.1628196539 -3.0930753769 1.2441049692
0.3837331842 2.7506664181 -3.8488004475 -3.2648006961
2.6162668158 3.2493335819 -3.1511995525 -2.7351993039
2.7674663683 1.5013328361 -1.6976008950 -5.5296013922
-3.6162668158 -4.2493335819 -4.8488004475 0.7351993039
0.4005786340 2.5565199455 -3.7982640981 -3.0750774860
2.5994213660 3.4434800545 -3.2017359019 -2.9249225140
2.8011572679 1.1130398910 -1.5965281963 -5.1501549720
-4.4005786340 -3.5565199455 -3.2017359019 1.0750774860
0.5790569502 2.8539838059 -3.2628291495 -2.2421786769
2.4209430498 3.1460161941 -3.7371708505 -3.7578213231
3.1581139004 1.7079676117 -0.5256582989 -3.4843573539
-4.5790569502 -3.8539838059 -3.7371708505 0.2421786769
0.6044768909 3.1185725959 -3.1865693274 -2.2346633982
2.3955231091 2.8814274041 -3.8134306726 -3.7653366018
3.2089537817 2.2371451917 -0.3731386549 -3.4693267965
-3.3955231091 -3.8814274041 -4.1865693274 1.7653366018
0.6976299266 2.3849387666 -2.9071102201 -3.3555047868
2.3023700734 3.6150612334 -4.0928897799 -2.6444952132
0.6047401467 3.2301224668 -0.1857795598 -4.2889904264
-3.3023700734 -4.6150612334 -3.9071102201 0.6444952132
0.7964751109 2.5496807403 -2.6105746674 -2.8942272604
2.2035248891 3.4503192597 -4.3894253326 -3.1057727396
0.4070497782 2.9006385193 -0.7788506653 -5.2115454793
-3.2035248891 -4.4503192597 -3.6105746674 1.1057727396

12
-2.8237964421 2.5368454555 4.1215864295 -2.6965794501
-0.8237964421 -2.4631545445 1.1215864295 -3.6965794501
-1.2951857682 -1.8526181780 -4.5136542821 -1.7863178002
-4.1762035579 1.4631545445 -5.1215864295 -4.3034205499
-2.6312109119 2.8321432685 4.1087473941 -3.7493803485
-0.6312109119 -2.1678567315 1.1087473941 -4.7493803485
-0.5248436474 -0.6714269261 -4.5650104235 -5.9975213940
-4.3687890881 1.1678567315 -5.1087473941 -3.2506196515
-2.5845719957 2.5036562733 4.2389714664 -2.4043397570
-0.5845719957 -2.4963437267 1.2389714664 -3.4043397570
-0.3382879827 -1.9853749068 -4.0441141345 -0.6173590280
-5.5845719957 0.5036562733 -4.7610285336 -3.4043397570
-2.3067236321 2.9296904308 4.2204482421 -3.9232441446
-0.3067236321 -2.0703095692 1.2204482421 -4.9232441446
0.7731054717 -0.2812382768 -4.1182070314 -6.6929765784
-5.3067236321 0.9296904308 -4.7795517579 -4.9232441446
-1.7305015565 2.7465642800 3.6487001038 -2.1399248244
-0.2694984435 -1.7465642800 1.3512998962 -4.8600751756
0.9220062261 1.0137428800 -3.5948004151 -6.4403007024
-5.2694984435 1.2534357200 -4.6487001038 -4.8600751756
-1.6342442136 3.2941588725 3.5089496142 -2.2661316323
0.3657557864 -1.7058411275 0.5089496142 -3.2661316323
0.5369768544 -1.1766354899 -3.0357984570 -5.9354734708
-5.3657557864 0.7058411275 -4.5089496142 -4.7338683677
-1.4439747996 3.5859053072 3.4962649866 -3.3062710953
0.5560252004 -1.4140946928 0.4962649866 -4.3062710953
-0.2241008015 -2.3436212289 -2.9850599466 -1.7749156187
-5.5560252004 0.4140946928 -4.4962649866 -3.6937289047
-1.4418476880 3.1891668783 3.6294565125 -3.7178993054
-0.5581523120 -2.1891668783 1.3705434875 -3.2821006946
-0.2326092479 -0.7566675134 -3.5178260501 -0.1284027784
-5.5581523120 0.8108331217 -4.6294565125 -3.2821006946
-1.4191557068 2.8239612496 3.7612770471 -2.2419488031
-0.5808442932 -1.8239612496 1.2387229529 -4.7580511969
-0.3233771730 0.7041550014 -4.0451081885 -6.0322047877
-4.4191557068 0.8239612496 -5.2387229529 -3.2419488031
-1.2685596567 3.4548751930 3.6179039771 -2.6652072099
0.7314403433 -1.5451248070 0.6179039771 -3.6652072099
-0.9257613731 -1.8195007721 -3.4716159085 -4.3391711603
-4.2685596567 1.4548751930 -5.3820960229 -3.6652072099
-1.2459476303 3.4895469668 3.6163965087 -2.7888196208
0.7540523697 -1.5104530332 0.6163965087 -3.7888196208
-1.0162094786 -1.9581878672 -3.4655860348 -3.8447215169
-4.2459476303 1.4895469668 -5.3836034913 -3.7888196208
-1.1894818116 3.1761278888 3.7459654541 -3.4974994297
-0.8105181884 -2.1761278888 1.2540345459 -3.5025005703
-1.2420727535 -0.7045115553 -3.9838618164 -1.0100022810
-4.1894818116 1.1761278888 -5.2540345459 -4.4974994297

16
1.1051398538 4.0200330252 3.6287645744 -3.1172979722
0.0525699269 -4.9899834874 1.3143822872 -0.0586489861
-1.1577097807 -2.0300495378 -2.9431468616 -2.8240530417
-1.9474300731 0.0100165126 -4.6856177128 0.9413510139
1.1069337596 4.2970467320 3.2938366581 -2.5083461921
0.0534668798 -4.8514766340 1.1469183291 0.2458269039
-1.1604006394 -2.4455700980 -2.4407549872 -3.7374807118
-0.0534668798 -0.1485233660 -5.1469183291 0.7541730961
1.2743778657 3.8553575757 3.5894418972 -2.1913807642
1.8628110672 -4.9276787879 0.7052790514 -0.4043096179
-1.4115667985 -1.7830363636 -2.8841628458 -4.2129288537
-0.1371889328 0.0723212121 -5.2947209486 0.5956903821
1.2834060112 3.5737344767 3.9147502123 -2.8133590875
1.8582969944 -4.7868672384 0.5426248938 -0.0933204562
-1.4251090167 -1.3606017151 -3.3721253185 -3.2799613687
-1.8582969944 -0.2131327616 -4.5426248938 1.0933204562
2.4623355823 3.4419681779 2.4223683713 -4.7509594972
0.7311677912 -5.2790159111 0.7111841856 -0.8754797486
-3.1935033735 -1.1629522668 -1.1335525569 -0.3735607541
-1.2688322088 -0.2790159111 -5.2888158144 0.1245202514
2.4949602531 4.3169613737 3.7267019972 -1.2346743788
0.7474801266 -4.8415193132 1.3633509986 0.8826628106
-4.7575596203 -1.5245579395 -0.9099470042 -0.3520115682
-1.2525198734 0.1584806868 -4.6366490014 1.8826628106
2.7865894006 3.5816378479 1.8008094217 -4.5301539081
0.8932947003 -5.2091810761 0.4004047108 -0.7650769541
-3.6798841009 -1.3724567718 -0.2012141325 -0.7047691378
-0.8932947003 0.2091810761 -4.4004047108 1.7650769541
2.7877790701 2.9329829887 2.5775297155 -4.6241785103
1.1061104650 -4.4664914943 1.2112351422 0.8120892551
-3.6816686051 -0.3994744830 -1.3662945733 -0.5637322346
-1.1061104650 -0.5335085057 -5.2112351422 0.1879107449
2.8543958945 4.4416461931 3.0738703160 -1.0562172804
0.9271979472 -4.7791769035 1.0369351580 0.9718913598
-4.2184061583 -1.3375307104 -1.8891945260 -0.0843259206
-0.9271979472 -0.2208230965 -5.0369351580 0.0281086402
2.8906344939 3.7780630859 3.8194360054 -1.1924304093
1.0546827531 -4.8890315430 0.5902819973 -0.9037847954
-4.1640482592 -2.3329053711 -0.7708459918 -0.2886456139
-1.0546827531 -0.1109684570 -4.5902819973 1.9037847954
3.1228549396 3.0680432665 1.9463511648 -4.4163994644
0.9385725302 -4.5340216332 1.5268244176 0.7081997322
-4.1842824094 -0.6020648997 -0.4195267472 -0.8754008035
-1.0614274698 0.4659783668 -4.4731755824 1.7081997322
3.2599459562 3.8985415372 3.1578258167 -1.0258608733
0.8700270219 -4.9492707686 0.9210870917 -0.9870695634
-3.6100810656 -2.1521876943 -1.7632612750 -0.0387913099
-1.1299729781 0.0507292314 -5.0789129083 0.0129304366
4.4560111639 3.7594767265 1.6502122988 -2.9840875121
1.7280055819 -5.1202616367 0.3251061494 0.0079562440
-1.8159832542 -2.3607849102 -4.0246815518 -2.9761312681
-1.7280055819 0.1202616367 -4.3251061494 0.9920437560
4.4893990811 3.4674781691 1.9538674834 -3.6353877828
1.7446995406 -5.2662609154 0.4769337417 -0.3176938914
-1.7659013783 -2.7987827463 -3.5691987748 -3.9530816743
-0.2553004594 -0.2662609154 -5.5230662583 0.6823061086
4.5541707472 3.3472976447 2.0074037803 -2.5837240475
0.2229146264 -4.6736488224 1.4962981099 -0.2081379762
-1.6687438792 -2.9790535329 -3.4888943296 -2.3755860713
-1.7770853736 0.3263511776 -4.5037018901 0.7918620238
4.5974344855 3.0510927192 2.3022804574 -3.2469118807
0.2012827573 -4.5255463596 1.3488597713 0.1234559403
-1.6038482718 -3.4233609213 -3.0465793140 -3.3703678210
-0.2012827573 -0.4744536404 -5.3488597713 0.8765440597

9