579961474 10094119 642029539
688774781 496438387 84506239
601228608 661444780 166749896
79818534 69630403 564214389
566914118 797909178 296943643
56531172 682540789 940345942
497167972 616534385 617000899
685981648 811287224 398965853
817696988 613641271 174221508
957056402 751827395 790845583
695351386 138942256 705733093
728534362 543093756 319323540
438517576 78520925 896536030
522888634 452580188 253972740
548546626 402632944 945456797
960762500 123445924 680218883
488100494 8417024 370566936
471850780 241154325 403806270
589285009 667053709 833428320
916422031 906653455 926215538
287637826 690937041 853748685
75476053 152026988 202357006
80843798 481181526 865783919
626229036 700325865 314766719
785439333 402223078 819429255
675919760 723104388 178584013
461766669 479158204 222539232
366183453 636280781 98983605
494377912 535482841 812083287
745301914 529486232 450804429
391145492 641711685 66562053
332484203 16060038 625462605
897389363 443383022 760764971
285673820 361929767 797063192
570236195 508054602 330624399
669897010 309006172 937275269
568387465 42843661 843862901
907050766 677268351 974564342
589081015 353729945 394979862
564764023 156105256 987727769
290361911 331620827 617955034
247593139 914529435 665761982
715991958 982355988 903755236
634554530 413751332 311443675
162022444 139844001 866698106
832438703 4647427 760366790
707154668 502518292 251965701
994062093 369962825 99385892
958496003 711650623 655981062
60018015 352956147 325129001
203660189 161700770 598580277
452919482 284728390 255065785
888455520 266289548 560490001
1305043 464283130 361987285
391328100 634110891 611997500
987471415 566632673 707639420
144709604 884143818 621549325
687740501 300832787 962814455
1201376 107388447 551266299
64614658 35056361 398578791
360148045 120822541 965187446
258340297 8129452 593295985
255218149 433632772 920113173
607422499 726270075 410028372
758352176 888600226 897752353
419599909 404029329 228144924
731284579 206887343 34742908
418097341 679279551 952586635
