333313244 204881821 776666834
769826323 288990986 172458352
624791122 429552817 459359516
932329725 241418344 299877565
141738628 613166702 693649992
757734973 474430675 976131569
760764323 291918544 572982786
534224282 84448744 956318680
281831340 289873983 464117077
428277375 695554805 783389452
165025302 943697547 120134119
437730347 607384636 203106616
968875237 441699860 192392359
441283121 810552474 190056555
886134339 75905878 674282221
117147569 253912935 801545724
135292962 357686671 375071986
276431661 129236872 746031632
977277171 906439217 497819418
109193968 914695999 310913434
470262885 106681468 82379051
666517549 619066385 560141454
262978238 388045718 981695186
950751443 587686019 587669108
604384457 417056767 919687650
415026837 901672373 476640419
88559523 107154519 842660449
756972908 11192177 576487983
574825269 471526317 287858768
768919448 355345803 100067860
894172311 864945916 561348946
219973509 718606285 467638954
771715400 401876417 706106538
193440664 59363756 893943039
49845618 928221366 987008026
551267974 550700290 900477895
631180485 561728527 532661372
834335487 281317888 153394409
414300007 498083607 107630753
263266586 250652064 585792725
597058063 122681908 606335079
58887290 227631288 97135905
80903752 191301916 398472133
104706340 865441919 874394549
135287675 556423040 79453368
722011818 544668115 482736114
297431355 499976857 555273530
194023869 890240977 479382490
377274686 36834810 613560186
89465823 896565282 341428882
648970829 500967136 278141866
634615828 75479706 537312143
567246233 676388640 948520655
209868247 202628409 154239744
741767802 954722616 606176704
269893978 169332046 695472122
215751185 706944601 174804950
107137322 123603685 764353305
451274354 83839944 787707579
540240888 857262790 65496816
481567323 53511359 206519338
655449948 870073455 71550319
734602723 726143503 415228871
913700549 673921122 548481329
119662560 183459182 439107954
534596938 650075534 964762594
359599601 749929198 232031416
944882167 716284062 709385961
443491854 946795164 733406390
958668564 442810772 677975047
889785515 840053370 485086119
708334092 938883946 262997165
639825297 379146010 167925842
426044431 754283156 271872063
633436908 844070648 44675571
224042171 995150198 203621779
320821876 678192716 746742280
848664521 425470173 563576738
925421915 638035634 169886583
41846028 514288806 968546541
750660967 249924 468477339
594458074 667793241 288020148
147151593 657163056 922211679
282260513 58245149 39147941
725729871 435492311 449323432
69823605 451555004 534582895
279692073 572660361 236179142
983469709 880162482 942152077
517954128 515635228 482426092
88067538 853068917 442246753
947665381 131030275 105732236
539930831 876431833 599563695
39240841 983423592 398195144
614951070 323935952 507627095
240149558 631585558 686948971
110553915 13467371 214663275
173725977 477376832 89320122
557472562 176877066 513529472
608983891 304863722 502914218
574379084 333509254 79260804
100793464 565696979 625988155
335841145 669613939 694868555
869124782 267371359 100565976
476481993 68624718 834906122
901516846 19155398 241215436
792304429 345083843 45288711
70309588 623357079 692957266
20142100 786947822 268686621
980243859 269989347 714147645
783321638 125360621 131963765
64586491 237988627 973829741
706434329 433130515 885399034
947129434 135620562 761544764
88987651 716380415 667170929
331306788 543306392 513325405
175351246 894929991 966364221
171646521 32654166 929153180
982322743 811010447 472602870
591363313 711397103 703047960
58128319 470018828 900309469
964008273 652635640 806318904
814064665 537410563 553187129
692431180 662506693 670209453
307972255 721134092 187287632
750696425 131262903 900139002
219963574 859518470 862666000
453266245 490670651 786286668
324623825 85638263 891517555
130069787 302919638 738621735
71238993 239647253 535208635
314506584 559521250 208062885
495853744 402579451 516191790
67310402 702484284 516622369
537881050 278131581 703512946
555646341 706463405 860192312
45042837 597216588 243885625
995780770 567747461 267460750
701041681 474138850 601192444
457602666 520716629 591717153
252491440 664221419 255881757
987984316 284395518 821817819
263284838 973571145 575890064
159524919 330802011 1599054
348925836 381046680 839093149
840835116 471254685 461065068
550513176 97577901 568506136
692891059 917457596 371646785
272417847 429975094 670080580
571483387 848142596 536561348
262891508 215862430 624155993
519233335 703497683 399575879
727104399 278395973 678791224
293944949 199099721 216048821
724211558 721203676 29160815
236825147 745576620 726366152
908645181 547152879 269570787
548742330 529591416 972795258
205077494 887224806 554971458
879882974 683631438 147825123
206072663 212151427 917144777
190564815 378119781 259337886
801469885 792397010 426100608
885685101 581392079 850894354
989838452 994088860 223969786
146804504 55607398 484847087
439342043 909236582 983428420
791543364 416238035 447273415
922126500 793256290 439191204
553212501 394696589 922504463
877476545 175556989 371111025
63495338 887744526 947547934
798937427 352649880 646790840
332836527 479947497 488734340
230038379 829688795 420039670
381860678 176725865 302809370
631158221 316570523 603833239
321207492 332290526 381509249
454175784 949453689 806914485
478334645 150873024 397510355
485040854 806695789 837193831
110144766 250509849 436147454
372489083 924962589 862654823
611544478 640232684 182991216
259971524 68237157 269575314
196346603 917864565 779121297
635101392 559052533 620791200
777807158 809380970 978399262
280807600 720198549 593034033
580315451 95837886 315682142
591150934 878644997 956680470
160303100 663925162 481600793
124783551 117589329 614186042
975283809 159830468 641035069
158281925 344212270 144595913
751544929 790700260 986282770
294092028 85829811 562046332
732703359 313408243 129441858
670641134 589473003 941317291
250319789 953942874 153379462
669159511 126330814 703734
341517808 527820524 612080400
25517350 338725543 540805259
84810908 921056466 416114957
783968259 314735894 591819079
289588593 238649350 30998986
919660673 143170502 172936123
251161716 940450552 409815793
395929960 10561257 659773969
117008046 306431825 815137475
403090349 526432447 885315096
867631837 918074147 757008467
184271601 212620871 703039347
198995364 771869416 204769484
702403188 811680528 500871771
168589974 244968746 151808073
197478979 997804438 495013323
547068725 114467396 882144461
469858972 175613733 709635482
142869032 30655012 850761013
266048324 714252466 886004722
416336930 645765423 453370850
861825257 334314135 865887438
776284233 492165550 274806507
660398359 256269056 789714459
769153509 628659167 547150201
312233867 680690290 522250196
939236987 558645190 132154302
640266994 230678091 235455456
648109082 292011399 978826473
522666416 95958273 153531365
756618650 215732429 316391616
139215810 358338562 958162996
594726484 737093165 579786056
146634701 725849239 209256009
96438922 123258341 41352626
929393113 88354570 757421189
555047607 679113861 635591207
702677064 125100490 317974794
363479248 725927905 278337720
247425901 867286129 527115744
366095664 414755116 622264911
228824557 674204190 44066011
789681928 432942063 306196692
245803113 846588720 278162764
826342201 771860689 476535879
478760707 392601146 32711351
416024454 128848009 98932080
832434907 605786897 923117079
241987425 229589338 129553019
678604856 723253521 661920749
930067625 972156730 162218931
717302206 947793754 413428689
348412617 980780876 490558106
198439115 132771935 798919780
850757792 673426897 952180698
628354364 881689074 300790703
892020012 220536534 315689373
818751014 591425503 974637128
731630838 676762600 997077852
113486561 362391532 733547225
514790416 752989198 583005403
327739997 819949345 936911751
653967988 285899941 33156647
975102273 927006048 291719541
647159727 650966120 721424271
867818920 140143936 586639377
196670124 601418757 933717267
731326194 148582889 481204512
353416008 278752262 316153394
536332403 543441 734469761
744232824 820715274 734420919
318419776 168304292 733550756
840315111 23527223 15763238
665156991 70501251 296636071
25567142 215622741 178865500
567209892 537526587 932083027
410505280 784528557 71841372
217603216 83282895 786982543
734313819 842535814 180229480
189805084 447404090 613465282
619928184 918372330 675271133
855458338 514229957 382152770
310548598 243789861 593621580
685501286 610396213 884787503
759495443 597480859 32540466
50013213 549109118 936595202
744056685 137355015 123000260
204863914 257405685 519404170
242844491 674783400 874703089
838605195 90804901 411048998
48562714 521463650 162001992
393761709 512652495 760352781
298091702 423098924 663009352
13746950 720828813 209069433
331900145 243232719 859998181
506226870 382963125 585014742
943984549 495836054 517421417
529353709 643027810 24608994
980195318 151149709 215795555
140847622 518207899 391600166
58674367 802267913 912107132
914864755 942765126 509569793
56010290 2785268 175743440
514940143 873666885 782241751
768847569 510517340 452067574
496781806 20047627 891796961
685430160 841016142 918147018
908946477 292618201 371617699
558948639 286314486 166705393
82559531 36973733 166644325
595325158 318106573 164829336
289103078 318113485 535547907
891987991 808825263 515122673
752261213 65581123 941838663
451981767 203040508 609056359
570660020 692018159 511512262
762052965 535229462 66056674
725256299 489091582 151670315
380155285 848331943 317530914
694141557 793634098 883809659
624655220 463287595 125250211
947858680 910809839 701377951
480321462 995477066 877981625
289427490 594654095 175519328
951746054 287533880 477836275
594900370 717630141 876677133
152782677 138955197 52377913
530434122 614987812 558831601
574972190 618247771 361305579
433286240 307507886 340984409
983065178 757818497 442607839
921485377 613696155 800974337
66533741 208846899 247914806
670101824 115671 767548312
757907369 847867493 172226058
741573990 238319608 287307312
824651748 15973085 649868254
45059587 658819779 94528186
763083796 241163500 188446486
773888958 138262827 996815034
459937944 306772961 536544452
945832500 599249603 813341126
524839471 993870023 202127474
375178574 774293985 665979648
551056079 356196658 593142133
803551608 169922540 576162519
7382829 740961616 135300583
333295790 647368907 907324868
705156076 279302885 559633911
870003903 570862841 734838097
412146038 21433716 604478985
941040787 232772920 843134402
84942117 560374630 535700289
309327409 764506637 928248493
873829978 545130568 687272992
301695332 23406812 729252504
307454108 757527666 453306368
543911273 279839554 152744135
994987472 268426018 533527835
298564533 695560738 773436403
172442466 732405415 679395366
992887773 930834589 316299862
78814349 150682675 579755290
824711862 345586208 631380951
665613496 839444424 950919894
343914669 814373359 186892634
629499345 246898885 932251033
219533914 546194052 291023951
688914917 996782193 538747770
952680592 434400747 938340293
848717983 629810787 678981939
748059785 340270088 121372387
320455235 580900862 384453755
826454237 199559555 540476049
782845928 828653150 689366810
72219326 798082528 601934060
915833567 249822482 685269909
781425302 284380956 27361089
900621157 428560203 802689279
551132125 280174315 517659825
300552169 770316019 56445600
23252578 274384096 948613570
908297184 611700484 717514665
693353167 718124315 381182791
981290171 866717314 333573906
858510613 633903416 620222457
606221857 221764734 759676504
984557121 307221695 166106334
668910641 929869409 711328693
729455072 613861274 559557412
769990811 453328004 695066713
609933970 971192309 55244434
924177479 393437901 1128066
867114061 457011008 627227638
586293695 255479706 909437175
566799250 593339069 145327791
963324890 577862587 337459229
101296029 349857690 917647603
147280005 729938182 500361243
246930748 172281061 327847917
840094466 432301558 660074005
104020513 967918503 581443156
931377310 152567950 245708097
433648274 813788677 74029764
798720538 979113514 697696868
189975282 100764668 799885316
547611196 48121813 606829906
365886625 571738917 425826357
43272266 565482985 844283778
745038231 627526131 151928934
678999277 301258686 801614350
105954617 74040206 126919679
443957223 761991943 428036538
856392255 691741984 5268419
694287300 750958143 444320713
200862482 763876129 32231096
632117006 719932592 541080304
721194201 741714886 269473847
613451685 592555572 356295327
732552213 697461500 858180961
979796949 809347229 320486036
95712431 255045292 547929494
778280649 558510525 292238631
689218566 169996393 168462841
896753442 215793205 899540718
814209721 226097982 33168984
636460219 604219864 259083527
115554977 243024567 705314730
279419085 157356142 610308252
305298713 733490561 427847197
299214007 868677665 309030352
672997742 374887166 332184207
870539475 777224850 400970606
231641661 428281055 732925541
325921295 422224062 283937403
973079124 792029539 317579440
870405900 569952652 130029850
175592647 189866189 914818095
291485172 364780659 206192305
880416956 479934023 339745763
529586800 80993408 360227551
819487245 437395602 956542648
985813153 844360320 944995626
917171212 536150443 43283177
719474438 115732253 816389260
880256746 720486597 816954341
92945271 695617245 541868064
872473206 697792942 156317335
699818603 829104374 244445450
743323249 44725810 503731952
680616418 55084016 794328081
675010191 583573970 312719718
743490683 355260815 875815086
720173209 177742889 242701626
630538626 243360244 399688706
761007359 979783469 575253032
791591656 145043795 836126132
854961893 424170859 456124158
183448259 723557272 65745934
708153446 408211427 656050949
362049638 810041242 23311854
667169307 824585381 824313384
957563725 346259701 369811479
874749359 795974814 852553869
963500522 524460513 520965312
19757517 336845675 245584006
101018423 202598288 428547955
67017145 961908054 857290207
238981309 986176426 253431755
741419143 775854658 396791632
376450620 347601234 9690555
267462037 930526780 233360038
710265930 493580611 612182800
130277674 726793808 434526830
427530239 220237897 83019635
320225774 154400130 175340380
18493167 697850391 21060219
165909340 496656440 194856541
546620289 936049233 668268885
703948741 404441219 450484920
959757474 991030992 378192345
359720606 166959987 720253922
156329951 11512269 531818581
896543461 748810920 784246466
894465993 909641052 350983995
135203652 460777212 111501660
572796144 760681295 604801636
153823288 447160785 488352564
213083337 145966742 458066535
885943252 384943751 783961183
216050672 247088893 214982509
90420820 11836664 777557526
699440040 550503394 365813143
167234857 843328460 743177612
827372254 475549382 224580614
44551434 989908513 924734108
402736458 432721267 717133522
262779028 626834323 176875216
936716048 961868506 953736691
927563413 899367789 214029968
763413261 13681011 427150655
338946467 746666172 375327718
484054009 550787245 299373896
686913122 983206406 988989683
982683349 377081357 785941203
9629551 251397086 522687710
288095044 487173887 325272775
637635959 90747350 468094900
49168036 118644243 751268756
126264349 411149974 431584182
859686969 178191952 755083372
31661108 446459259 203271293
91052903 32773104 503573357
138739593 494292448 887491789
349593843 863152928 100878513
891227110 688579090 351910043
402219992 288219539 185700362
875052971 803747072 622052448
681326583 164527448 975816466
911381335 470071127 556213674
561849687 386213690 2147076
721846265 2801663 606180566
7318101 965637035 118799291
349105438 983725428 825643356
241344526 621979325 820048175
852477705 567874466 733948639
444490413 894389245 88257870
40341493 118331215 616881614
948083904 268316017 510132236
994431251 829069463 273452970
711871928 572735607 537154710
273512930 169641690 481499522
172033121 215915286 301230032
11433129 259621969 761840373
351162082 756639049 843930505
651937031 938119881 257141751
658922707 925792803 191146859
834559350 84136223 617756562
938337988 420781513 859121837
355975813 986527197 94179659
274613304 961127052 245254829
325717404 678512856 927566623
889038546 836424065 963525587
863030421 685462856 484573320
472265381 638271861 879889413
913021240 917552790 483165916
960420086 546346862 3567832
254280012 843189191 765760899
663839193 133868921 229617883
347327828 11743832 78464890
674171153 522967718 782174139
854610509 340949945 162422572
358953825 486602872 382685073
534400062 143158786 756909815
868417743 355573507 813252326
381604733 221313336 440619217
171513779 895337614 79792322
599363398 577514034 247362891
462290975 803455155 469274852
220707197 380639994 858391411
563909510 702786498 59856350
233854444 747704951 675956406
162095055 958075563 923510747
988301488 523971639 590364247
281745346 688106472 264569462
702050658 556043610 93656379
727331520 957653204 341753621
445211507 172427116 386074541
117079317 27473634 774801566
224186020 664332192 526014877
864061551 831061168 426420159
101634754 649252569 538602151
373460662 549954397 790620351
301553177 948297717 143255169
911747651 942082094 216826280
80168969 903685171 20801609
917773672 754904267 829280998
139400825 623732929 191222770
837767845 384008017 626884930
