5000 5000
687 310
310 3264
310 3163
310 4451
3264 2751
3264 3360
4451 2223
310 4641
2751 3879
4451 2493
687 4159
4641 3190
3190 1724
2751 1579
2751 2819
2751 4824
310 2087
3190 3658
687 4530
687 1884
4824 3118
4451 2396
310 4458
4451 1722
3190 8
2087 2491
8 3035
2491 978
3658 1274
2819 403
2223 2325
1579 1711
3190 156
4451 1227
1711 3497
156 3944
3658 2419
2223 4955
4451 4879
4879 2487
687 2761
156 2822
403 3825
3658 1739
978 2997
4530 4383
4458 2128
4458 4297
1579 3206
4955 199
4383 347
310 1462
4458 2949
1724 4027
2997 583
2822 2201
4824 4146
3497 940
403 3617
3944 1830
3944 3093
3360 3800
2997 4585
156 4167
310 4185
3035 1714
2761 4693
2128 4782
1711 382
3360 3602
3360 4097
1722 4511
2493 1468
8 3934
2419 3804
4159 1279
2761 1080
4451 1901
2997 1255
1080 2686
4097 2233
1714 1284
2233 3529
403 2884
940 4377
1724 3260
4585 3227
2819 1838
4027 1190
4097 1747
2751 797
1747 3907
1711 4115
3360 524
4297 4882
3093 117
3804 1409
1279 4629
3227 3683
3602 1580
4146 4942
3683 1516
3206 2160
1227 2916
4027 1569
3944 433
1279 3425
1580 1452
4942 2449
2223 4360
347 3102
4167 2687
2325 2737
4458 2963
4383 3376
2087 1066
3206 3995
3163 359
583 2623
3264 2851
2916 4619
1569 1171
1190 4074
4511 1268
2493 356
4159 560
3497 119
1569 3099
3658 3939
2396 1638
117 1323
583 188
1722 534
1838 2833
3035 1946
117 3640
1274 2502
2623 3899
2325 3484
1580 2660
3907 781
4146 4219
4458 353
2223 4665
2491 3912
1468 2988
4377 3307
2233 1042
8 1294
1323 1642
3093 1373
3307 3042
3944 4885
3425 504
1838 1397
4665 3149
3800 2363
1580 3480
2851 4430
2997 881
4159 4886
687 3024
1323 1314
4297 3358
1580 4669
3484 987
1274 234
234 2569
347 2492
1884 1603
1268 3796
4530 1501
2623 3350
3934 3145
4824 2378
2822 4220
1468 2765
1042 615
4360 1163
2988 4514
781 4112
3658 2630
1516 1636
3307 535
1516 3773
1409 277
3307 3701
4824 3630
1724 3342
1373 4776
1580 4529
3912 4526
1373 4957
1080 1153
1516 2542
4167 4329
2963 2899
3099 1502
4641 2673
3912 4016
978 3715
1409 673
1279 196
2833 2359
3773 3962
4219 2718
987 2125
1284 657
3350 609
3995 605
277 4413
2502 3253
4329 690
3934 4397
4383 2482
4619 2967
2378 1622
4397 1733
3602 3513
4665 346
609 3539
2492 4079
1884 3157
4776 1410
356 4726
3912 1833
2223 186
978 766
657 3173
4514 924
1722 509
4942 28
2949 3372
3372 2162
940 2094
1884 1582
3683 1759
119 3543
2884 4786
1502 2947
1397 4201
1502 116
2359 3075
534 4400
4669 2591
4726 1282
2963 3647
2363 1053
2686 4831
3163 3772
2988 655
3145 4064
2833 4838
1042 4778
4451 3694
797 580
4957 2706
4360 3507
4383 4457
615 2267
1323 1934
1580 4446
1516 636
2094 1522
2718 1304
1190 174
3647 2599
4957 3397
4824 2570
1724 1825
3640 1786
4219 4600
4600 1315
3715 335
433 4186
4446 1574
1501 4988
673 1485
382 974
4641 1705
1304 81
3342 3516
1409 645
4600 3930
2765 1558
1410 85
3480 3696
4665 421
2751 3601
3962 4198
1569 3059
2899 700
4514 1407
1884 1476
1733 4813
1042 25
4526 287
3484 4187
1638 481
1558 1763
4838 824
3513 2792
636 3429
347 3611
4074 2732
4201 3491
359 3745
382 160
4297 1309
3429 2801
3796 1635
1622 2018
2325 453
2018 1356
4186 3840
4201 2744
3227 1597
3099 2435
1255 4610
3360 1512
4693 1939
924 1076
700 398
3715 1016
2949 4020
2569 2828
1066 3314
2623 3675
3640 1871
81 1146
4079 726
1190 366
4297 1361
3425 2461
3701 1414
2660 3762
1830 1767
534 3383
4016 1182
2949 4316
3093 3987
3907 4959
3602 2076
2916 1451
2359 3857
359 2136
3601 3650
2988 3212
580 1007
2687 77
1309 4606
4451 2974
560 3938
1294 2985
2233 4842
4786 3642
1871 4189
974 1756
2087 599
1501 2607
1053 4907
2487 3299
4187 3472
1569 2615
1838 2062
2223 4926
3800 650
4201 4072
2828 3868
1361 4268
2396 2361
2822 2513
3800 98
2916 4531
4457 1403
382 3091
2792 1952
4778 4384
433 4246
4383 1195
4957 3337
3145 3761
4027 4495
4413 2021
4457 3366
690 4602
2974 3668
3879 4061
3630 4533
1724 4269
1512 4088
1016 932
4187 1503
2851 718
3314 3045
398 1809
1407 3801
1163 551
4360 3915
2162 3963
353 3898
4882 745
4531 4326
3938 2078
3857 4059
4959 3955
583 2066
2502 2983
2761 128
4669 1127
1722 189
1724 826
673 3703
2570 4660
1786 4083
1952 78
4778 703
4072 842
3939 3890
4079 1365
4413 825
1833 3651
3640 4804
2396 3420
932 1425
1309 4595
4326 3941
4115 1418
2765 1011
3190 2075
1934 1347
657 288
2492 2779
98 459
85 3536
4533 3644
2718 1141
3035 1539
1016 3301
3513 672
1642 3156
2801 214
3149 3036
188 1183
1080 450
2325 2408
2974 452
1512 292
347 3733
4786 423
1268 2968
4457 4826
1512 2760
2502 2740
4882 4330
4602 4464
1579 1626
3601 282
3938 1766
3658 4096
1501 4730
4942 3670
1183 269
2162 3910
346 988
1007 3805
1502 751
277 24
1622 1527
1409 2337
128 4512
3944 2641
4533 1254
1190 1229
3694 1683
382 1244
3024 1291
766 3569
4533 4991
2128 494
1485 760
4316 289
403 420
4926 3880
4384 4205
2828 2302
2760 1481
4185 990
189 2804
1481 4927
4600 3889
4198 3945
583 124
4064 2485
2233 2659
3206 2512
2378 2195
4330 1734
4511 3160
4205 1443
3995 533
4927 4190
2542 713
1314 3758
3536 2072
2974 2480
3429 1337
1579 4120
672 259
3868 3574
1410 3224
2125 4890
2732 2830
4786 2714
4669 1695
1516 3011
988 4293
98 1269
636 2394
4927 613
1763 4291
4660 4278
3569 3065
4927 1438
2686 3416
3539 802
310 902
1766 4500
3658 1172
2482 3238
1683 3017
2201 4203
1838 4765
4600 3051
346 3241
3042 587
1502 7
1724 2897
2988 2938
3536 4589
3880 4960
2066 2597
453 1162
636 244
1244 4181
2542 3698
3045 4434
672 573
4533 938
1007 1742
4942 4416
3539 2261
690 3389
2822 4463
3173 3746
2732 4107
3995 696
1485 4480
8 705
3507 909
1946 3066
4927 2783
1153 4663
3670 1795
940 4240
4181 1621
3238 1129
3513 4303
1574 3304
3011 3781
1626 2975
3065 4504
4112 1708
940 2306
3733 1257
4610 1824
3781 55
2302 2124
1365 4014
2394 1564
2997 559
4115 1525
1527 4845
3472 2384
2396 4893
2779 4554
1195 2426
1451 1214
4831 495
25 4806
2125 1105
4219 4355
1182 299
1254 4828
4330 2113
3190 1114
4115 2013
4776 527
2615 1234
3539 1211
4776 1017
2765 4968
3941 1880
2493 3599
1527 3338
289 1859
2542 3349
4890 1437
1742 1465
346 1116
1407 279
2128 2422
2136 4880
690 3394
3868 1002
4384 1322
3420 4733
3342 1169
214 3340
4115 22
3480 4963
3715 3127
4112 4871
4988 3717
4064 1818
938 2303
398 3343
4167 4686
4458 1411
2591 1311
3372 3558
2591 1821
1824 2873
2686 2293
3955 3802
1053 2003
2482 591
3939 3798
2419 2709
2686 1890
2492 2539
4187 364
2303 51
978 4214
988 2520
1818 2680
1767 3526
3801 931
51 1605
2765 2252
3800 2176
802 3725
4434 3013
2176 2275
797 4901
2732 2742
398 2902
3955 4098
3045 1419
382 3202
1365 4676
3899 4523
3717 2815
1314 100
403 280
3149 4980
4730 2820
199 575
259 2444
8 1682
3526 1379
3516 2239
1558 4080
3801 270
3761 2972
2820 4292
289 2338
1163 1032
1066 4251
2765 2955
509 1427
3642 4582
4778 3295
3650 2610
1379 3616
1871 3311
1884 3225
1127 631
292 4474
2337 3467
3360 3104
3915 4734
657 2724
4813 1194
1468 4225
613 698
573 4234
1171 4724
1558 3488
234 3783
3601 154
2293 4013
1833 3759
398 4716
760 3661
2233 441
4072 1865
645 3589
1759 2756
4733 4732
3358 702
4464 263
2435 3345
4360 4618
1403 4153
3238 3760
1294 768
1172 3124
403 2
4531 3591
495 4919
3124 2282
4079 4121
4845 2197
4660 4609
2125 3723
3314 2098
1695 3476
3304 3496
1171 487
4397 192
1162 149
1322 130
117 4825
2306 3721
4059 2869
3099 629
1525 1210
2804 4857
2686 625
8 2882
4355 1999
696 2281
1465 4787
4890 3992
1622 666
1597 3158
2444 1175
2261 467
4531 4336
2013 4547
269 2463
1786 1929
3307 1915
4027 2238
4686 1581
2512 3492
2422 1184
599 2531
1443 4119
2480 4687
2822 1273
2822 474
269 3423
3898 3638
4824 3493
781 2601
1234 1575
781 483
2610 2172
353 3461
1397 2271
3314 1199
509 1846
3066 2454
1438 3359
199 618
3225 3808
1503 4379
1268 74
1786 2654
8 1302
1734 2525
467 4577
4115 1507
4187 4275
2963 342
2461 2429
279 113
117 3391
1939 4228
2176 3931
768 597
2444 856
4806 247
2737 3396
1356 3282
4293 1148
1824 4021
4201 2886
625 1191
4083 418
2113 4985
3301 4108
4190 1992
4316 1143
398 844
4384 4380
346 4607
1274 228
3359 4873
3416 4089
113 1632
55 378
990 3906
2833 1212
2615 1405
534 1931
453 64
3493 4931
2830 2618
2378 3996
1818 637
4957 4789
4589 1851
3366 4496
3066 4456
4931 2036
3717 2911
4589 634
214 1222
2660 4423
2337 3205
587 430
3173 243
3963 929
1222 500
3650 2353
1558 4338
1169 1659
1195 2632
4885 2362
527 1602
2480 1758
3149 339
2353 3925
128 2553
1462 890
4988 957
929 1445
4115 2294
702 790
1407 1715
583 2278
3075 4118
4825 970
4120 4877
4292 1380
1282 482
1274 4576
672 3393
1527 908
4919 61
650 3007
1485 2167
3762 338
2492 561
1481 2232
3051 33
4963 392
1323 3620
4686 1223
4686 3531
1002 2731
2172 286
4825 737
3558 1028
1659 3088
359 2083
4013 1092
1462 2400
3461 429
1314 3153
3912 4843
4879 1236
4458 2544
4219 2192
1322 4285
2449 1334
1569 2381
286 758
289 1029
3529 3428
1786 4763
2597 283
289 4449
666 3174
4786 1975
1146 1444
4186 3597
3717 757
2461 2933
2742 3547
3912 3390
433 1691
4959 3473
760 1270
2485 2104
1127 1082
4014 4936
3311 2683
824 1827
4251 4640
4303 2581
3299 1096
3939 915
1016 4264
4927 490
1302 1594
156 3538
4877 1806
2021 4643
703 2614
605 4138
4336 4333
2615 4753
4879 388
3543 4699
283 4962
4457 4155
243 2417
494 2900
4285 419
4643 1253
4776 1710
4600 115
1946 681
2833 2112
700 2024
2724 3606
3781 880
196 3856
3825 1186
2482 3044
4268 1326
1582 3894
1322 2182
1273 2030
3597 476
4416 3457
559 2587
4641 1044
760 3578
3157 4283
1503 4540
4275 4226
4316 503
2422 2095
3944 3845
4968 1412
4931 2745
4278 1651
2492 97
4842 1340
2172 1562
2947 3216
4159 129
4474 4123
4663 715
2916 4065
128 1249
286 4793
4643 1911
2112 2676
1373 4754
1594 4347
2078 2430
3044 1349
2601 3833
100 2123
4219 2130
3359 2692
4430 4615
1082 2458
4269 3690
1190 761
2013 752
3539 4983
124 2811
932 3303
1451 3836
3145 4605
2160 2624
3650 2708
631 2047
186 31
3507 1644
3611 230
2160 1
1199 723
3995 1376
4983 3130
1581 4
1739 4298
4615 579
4120 2980
4585 1692
2714 1008
3205 2561
2765 4861
3703 595
1186 2567
55 4667
2363 3430
287 4760
3206 719
790 3977
4511 1263
28 3141
4118 675
2553 4701
4724 3305
192 2693
595 3486
1365 3970
4112 4769
4293 3743
3907 4460
4942 1245
3723 492
4582 405
97 1864
1114 2011
3420 451
4285 14
825 1812
2911 3776
1153 4815
2066 1416
2124 830
2542 4368
3397 1209
929 3918
766 1298
2396 3336
3938 3913
1708 2079
347 3074
2302 2527
3102 1895
4021 2806
1705 3896
3825 562
2252 1378
4619 1523
288 3548
1311 1061
2162 416
4523 4018
1253 436
1186 2799
2113 4735
3776 2620
4985 4775
2162 1000
1361 2753
3486 4741
299 1618
3617 1903
1291 4170
4336 4390
3145 716
3212 870
287 862
1451 1150
2581 2149
3282 2582
737 895
1582 190
1580 798
2353 1120
3642 4868
4789 4006
597 3692
4460 4348
3124 1630
2094 118
696 4342
4931 34
3007 71
2449 1207
1999 3053
1722 315
364 2540
2897 2025
3723 1941
418 3714
4831 3388
2737 1040
1443 4162
2869 2256
2363 2250
3472 4964
1901 3926
1864 4142
4868 674
2384 3112
2303 2585
4667 1144
1580 4412
1116 2787
3772 912
3042 127
2182 2222
4782 651
696 325
97 2318
2751 2214
2222 2464
4275 1943
214 2354
2256 1560
282 2509
3158 2288
4205 2684
1766 3702
2601 3080
3497 903
2706 2385
1294 710
1818 1823
655 1177
98 1905
1825 1544
3692 4924
192 2578
3383 4122
591 2789
4600 2229
2454 4866
61 4048
487 1352
3977 147
1379 1235
2094 1012
2113 2093
2599 1372
4824 2565
4251 295
1821 2091
1562 4501
1522 2387
495 4388
4162 2508
2591 1075
802 3079
4985 4343
1177 3643
1825 4897
3299 3120
844 3525
2761 105
2654 1765
3282 1570
74 1974
4456 1400
3120 3252
4983 2310
3042 2727
1011 363
3547 3888
2873 1611
690 3971
3896 992
1975 4001
3804 526
613 4943
4342 408
4228 652
283 4972
673 1690
4693 4011
2851 4572
490 2584
2229 2905
2601 1102
2732 2736
3977 1180
3337 2010
1992 4808
2811 2071
2975 2918
3130 3434
4879 644
681 2532
1253 3604
1080 1447
4285 3339
3120 3395
1120 4979
34 3380
1602 4645
1146 1287
2003 1478
3836 3936
1315 4076
2660 3135
2036 2165
3430 3546
4663 3412
672 1654
2195 1434
1212 3114
214 4254
4297 1612
1562 516
4985 4536
1833 3117
3899 3408
2493 3917
4962 3217
605 4578
2540 3155
3721 4095
1582 975
117 4799
4400 1423
4434 2847
957 4691
3013 779
1254 226
1270 168
1946 1874
2025 3610
3896 1950
3601 1505
651 235
1061 3859
4464 2837
737 2989
3045 934
3091 1350
1683 1877
3360 4494
2714 4148
988 4044
4540 4722
1434 1221
533 3682
24 177
4578 1432
2539 2473
1638 2348
3591 2323
2539 4941
476 4232
2804 4378
2641 4129
4148 2818
4813 1296
51 2782
4924 3554
2659 60
1871 2516
2527 469
1075 2409
2093 4574
61 3949
3938 3961
1042 4522
4960 4444
1263 1009
1114 3822
2094 4534
1575 4247
1654 3720
3282 3201
2818 3892
3303 2841
1314 3561
3340 1839
1447 4244
4292 3377
288 1610
1839 2656
4155 1595
4240 4408
534 1299
1809 3188
2454 2993
974 1536
2136 371
3526 3865
4226 3712
931 1723
3141 1559
674 1980
2983 1345
4504 952
2396 660
2124 2118
3372 2211
2897 4761
60 1453
3945 1324
880 704
1120 52
3163 2590
286 394
2516 2150
4880 47
1076 3664
3696 3787
3597 1729
3299 4953
3393 3324
2288 1357
3675 1119
2095 4773
4775 4105
4384 3369
2353 1277
629 3137
4691 3184
2949 3284
4769 3028
3051 2215
2385 1607
2062 3794
1564 2488
4089 4584
4495 3279
3080 537
524 3292
4824 1704
2303 3474
4246 2511
580 2007
4096 4067
4629 1685
4960 1181
1758 3138
1294 3663
270 4019
4220 3049
3202 2285
2353 3706
4605 1599
3396 1927
289 4117
1356 3321
4020 4891
3238 1782
2993 2518
3906 4312
599 3914
116 4628
2303 126
4096 3965
371 4352
992 2193
4474 3553
4072 3161
4146 755
4095 1216
1635 686
1434 3954
2229 3219
4219 4362
1146 3353
726 1754
4203 2152
710 2735
4511 3069
524 410
673 1876
2473 4192
2718 23
4118 4385
2531 4332
4303 2442
467 4302
587 3596
2591 3872
4825 2200
346 2996
3913 3483
3606 1504
4873 4518
4980 3520
4733 1134
1249 3820
660 1046
597 3466
2819 1998
2516 3437
4368 2575
500 1783
3238 2147
952 832
535 2589
1824 1529
4330 1672
2630 3487
802 3964
3694 3986
3776 1085
430 2324
3643 2462
359 3790
3591 4860
4089 4447
1324 670
1046 1178
4115 4005
392 3662
3059 3935
347 917
335 3823
4734 2664
1478 3374
4584 4166
3872 4738
388 458
4514 87
3314 2376
2021 348
681 1426
723 4622
1274 3452
4444 2832
1722 4543
2830 391
1212 285
1754 4317
1692 3852
4897 4215
2589 3989
3890 2440
3160 2264
4434 2915
4013 821
2482 2451
3343 4900
1683 2262
1426 749
4447 2061
3772 2917
1016 1624
1299 2367
4605 1619
4843 1543
3467 4441
2968 3495
4927 2991
2325 888
3802 3489
3599 1348
2811 4570
4574 497
1315 2279
2149 3901
1580 3245
3964 404
4900 2060
821 4213
825 2019
3053 4689
3675 4790
4447 4230
421 1546
1340 2843
4013 2257
1400 4881
1414 1942
1999 2134
2540 4258
4786 3755
4214 183
657 3730
1579 3186
575 281
4423 891
3804 980
516 262
4806 4694
1766 3641
1865 632
1546 2699
1682 3327
4089 1698
1102 1957
3536 602
2162 626
419 4420
1636 4255
1148 2373
119 3853
687 3274
3044 1886
4522 4743
952 2089
1199 4405
130 2548
915 4712
2252 819
4589 4262
4953 4350
2709 656
2123 1208
4360 3542
4080 2242
2282 3469
115 1954
2708 1745
2091 2346
2493 1988
183 1422
3539 3855
97 2602
378 834
34 4407
745 12
2993 3887
23 1984
2024 62
4843 54
2264 3780
105 1151
1151 3443
4377 3329
1347 1377
2590 1310
78 1246
3597 3634
3620 82
174 3404
1485 3573
4198 4976
391 1072
4941 39
4312 2296
2408 1902
3692 4596
39 2550
154 967
3408 1317
115 293
2071 3444
4931 1688
2451 3406
1223 345
1745 112
1061 742
2288 223
2036 3976
4813 2733
3444 1491
4663 668
3915 1590
1874 217
2294 2652
2036 4497
3995 2796
299 4770
2238 1989
2222 1584
2917 3236
2676 4739
4775 4829
1839 598
4893 789
4076 4696
3342 2114
2654 606
1465 3331
789 1593
3406 4052
1414 291
3661 4085
117 3765
2123 4060
2918 4862
4907 763
494 1551
2192 796
81 4249
2378 4975
4701 515
2714 3871
1698 409
1957 1417
1763 2657
2599 1924
3889 4199
3340 3998
404 4917
4770 1944
4416 1440
1823 3159
2093 1728
1927 3288
2733 4679
3156 2726
3156 3585
1040 3695
2569 2658
4362 4472
1989 3442
1812 3900
3219 66
760 740
450 3180
3395 4914
3102 2443
2306 2720
2502 4391
3345 1849
4201 446
4577 1045
575 4017
4845 4369
277 4796
587 3500
4643 4499
130 3449
2485 3718
1177 3831
4264 3579
4514 3402
2030 1388
690 302
766 937
912 1976
4609 1331
1864 3364
4782 1493
870 3875
4162 193
4121 3111
356 4144
704 1973
4383 1668
3585 253
3585 3940
1373 18
891 2945
2974 864
3759 900
1172 958
1622 2758
644 1831
1146 3799
790 4515
1269 4637
3388 722
974 3614
4959 2277
1465 3068
980 4945
1569 2312
737 4308
3051 3648
4824 1706
119 1280
4897 889
398 1845
3141 2613
2195 1592
1191 647
2708 2101
3759 2403
2152 2334
3130 2204
1349 4887
2149 3740
3976 2600
3036 2416
2991 15
2540 1059
3245 2543
177 2864
1941 4994
3794 470
3093 2650
483 4586
4115 1627
4980 2086
282 2067
1378 3015
1512 4951
3872 3581
2565 3315
2252 4432
670 2102
2972 1556
606 4143
3717 1360
3066 2034
1365 973
4943 139
4441 1278
2376 557
4743 3136
2098 84
1825 1648
1706 3797
3305 1885
4067 417
4247 3629
4185 4833
1864 4657
3554 443
702 375
842 3874
2400 617
1556 4961
2518 477
3887 2763
3661 1271
2222 1065
2323 312
1503 3176
4754 3672
223 3795
631 2017
2257 4094
1234 748
4 600
4828 3674
4763 2452
364 2050
1403 2690
4405 3844
2650 3286
2306 4417
2454 232
3480 3729
647 4424
4596 3123
4388 823
3224 805
2491 2289
3721 2127
3153 4486
1895 464
2542 4840
4530 3125
1388 4848
3955 3222
4213 3532
4776 896
3614 2077
4213 48
1162 1238
2363 778
4423 3291
4808 1351
4501 630
4268 4633
3153 2573
232 738
4275 4267
154 1500
4951 4690
4308 701
645 1264
2804 3384
2334 1202
196 907
3500 3867
1427 498
2007 1897
4924 390
2323 4091
2376 76
3529 2636
4 1341
4112 2340
3610 1230
186 998
4458 4191
602 2651
81 2207
2193 1160
3011 4321
2114 884
2281 170
2359 1530
1698 2759
702 2959
4585 4396
2615 1404
3068 4403
4606 4340
3024 2678
441 3813
3579 3078
2396 92
388 2135
2086 4376
632 3886
4743 2427
3857 3325
2403 4517
4660 197
1864 3727
1593 3956
1952 2871
353 3932
2394 2634
2985 2043
2077 2051
3765 694
3376 1601
3036 2358
188 2099
4585 4345
1605 35
3184 2695
1711 989
4397 578
2686 2521
1331 793
2620 4099
1120 4758
4945 4569
3149 4709
2281 667
1885 256
33 1515
4412 99
127 4966
3114 608
3962 2769
2782 4528
4255 897
3727 1179
4734 1258
124 145
4917 153
3184 3843
35 3984
3011 810
3675 3974
4500 4277
1902 4339
3264 3590
1419 2691
3372 1788
199 1879
3642 4896
940 121
2098 2457
1627 4489
263 3980
2123 671
2799 4940
2279 2962
4312 4755
1380 3815
1612 3083
3542 3426
3236 2168
1404 770
498 2935
2539 3010
4159 3459
1234 3560
1279 393
4945 1780
3173 4592
3546 4620
2302 57
1072 4202
247 2643
1119 1591
1599 3363
1409 1313
770 4970
3028 2537
2491 4290
23 3418
4983 1099
2079 1947
2714 565
4962 4440
4667 750
967 1930
291 2208
1426 3226
1451 4544
3987 2413
4962 1616
1134 4681
3201 4238
1626 3985
3360 3689
4214 4103
1733 1751
4302 3551
1405 4814
4480 899
287 854
421 2973
4391 2159
4641 1013
4440 4210
3674 275
4213 227
1905 995
3936 558
4350 4683
1556 1241
3783 4967
3723 1204
3746 3478
1766 257
1763 3235
4268 2360
3706 506
3236 3263
3985 1487
1153 4623
3476 486
1204 1039
3918 3626
1423 3508
3901 3046
4121 994
4463 2210
2620 415
4457 2103
3083 3237
4420 628
1409 3997
1984 3362
748 996
24 593
975 4762
469 1145
2373 2621
1501 3947
3136 2460
2193 3275
929 3834
4730 3244
2233 1225
2128 3742
2047 1889
551 2927
2918 3273
1195 4140
4396 4154
186 4366
3282 3463
2403 3557
3934 2535
3984 4221
24 3523
3956 1740
4882 3927
4060 2020
3760 785
4914 4556
3327 3021
3961 360
2740 2369
1011 4884
1400 1015
1246 455
2720 1854
591 4590
4511 4031
798 3654
128 3464
4582 1720
8 357
3825 2455
673 3352
364 4869
1418 4452
3626 1156
3305 4599
2983 735
3931 3736
2340 1907
2828 2712
3021 41
3736 3439
578 3041
1607 2065
3674 1293
3797 1956
4366 4981
3253 4913
2207 484
4154 1881
3158 4674
353 548
690 3031
3773 3991
1956 2322
2884 2866
4167 2566
3947 2115
4813 2315
1593 910
2737 1815
1879 2059
3730 1288
2482 3289
825 894
292 4876
2125 2713
2590 3946
4943 2456
4940 3937
1348 3367
1942 1557
3762 1781
895 351
3944 1798
1309 709
4963 3530
1946 4493
617 1669
3720 489
2323 1548
3927 4557
3307 402
2756 3106
1146 4711
4143 3559
3640 2675
2756 720
4198 1461
375 1814
2897 4561
4694 2048
2238 2929
2833 3378
686 3960
1444 2559
690 1121
1322 103
617 3410
608 1665
3538 274
1838 1855
257 941
1523 1260
2996 1858
4013 1967
1809 1962
3742 3994
613 208
1724 4832
1160 3318
3466 3988
3578 1369
1855 3254
4407 1755
103 4834
4547 2251
3590 811
4186 4652
22 2054
1989 568
3917 1111
2837 4566
4829 2667
2385 4695
4628 2085
3289 3750
1127 2952
3184 2612
1825 4300
763 323
4122 2004
2264 3534
4441 2633
295 4428
1536 2826
3295 4289
3410 1387
4529 4318
3727 4844
1612 4194
587 3957
1975 4792
3184 4802
625 1872
3476 1853
1967 546
2866 439
1902 3482
2693 3143
3275 1098
2264 4772
4117 746
628 4810
4457 3851
4701 3624
4691 2246
392 831
1956 747
4695 132
3377 2244
3759 3829
4900 2738
1012 3281
4882 3257
952 3751
3560 977
503 1913
4628 2773
575 290
4333 541
3202 4490
4735 4183
2089 3673
1763 4688
644 4073
3815 3110
2099 3619
1114 4381
2125 3280
3035 4977
4880 721
3426 313
1999 220
3350 4437
2047 4818
375 739
3478 148
535 3665
4574 2386
338 767
3080 2240
2783 3033
3362 2956
1503 2631
3730 1088
3345 3959
802 588
1302 1472
790 2100
1403 708
2945 2896
57 4039
1907 3741
4754 3194
4578 194
4840 3119
3263 1107
1947 2555
1280 1031
1941 616
500 4820
3640 1353
3104 278
2806 4671
3898 1721
338 3583
3703 659
4782 1836
4623 438
486 2070
2566 3319
4203 2778
2087 2166
4221 4411
4432 3646
4712 1495
3741 2829
3327 2816
1745 1813
3045 3549
3717 4393
2396 2209
2337 945
1258 4481
737 4851
2485 344
1111 4286
3141 43
3925 648
3163 1718
3015 2053
4283 2526
3561 623
1361 4612
1864 1860
4769 865
1141 2410
4773 203
4683 2224
1516 1677
3378 1112
2293 1585
4980 4998
3526 1760
1740 73
3035 1534
2442 377
2296 1663
3273 4616
3011 3171
1207 689
39 2682
403 185
908 1857
3155 1822
3758 3086
1156 3213
4210 1979
1975 2203
1582 3819
527 1301
4792 3754
690 4266
4637 839
719 2040
1558 1769
2118 949
3795 1995
4277 570
57 4274
4403 297
1313 2558
1592 4488
832 2890
2643 1997
2354 330
4185 863
1560 2479
931 4223
2782 2767
672 4952
1724 1674
4458 411
1134 1019
1569 4746
4120 2510
3712 1095
3093 1490
3765 468
3125 3371
1708 2748
1665 3001
2869 3550
4599 1916
2837 4070
975 1898
4584 2143
1134 4314
2945 2234
4496 4100
1376 1396
4960 3848
1015 29
650 2919
4039 4049
3845 1060
4975 4465
34 2411
2902 4086
1323 1456
740 3870
3717 4231
127 358
3740 296
4760 4207
578 4562
4278 2414
4210 2824
1485 799
4138 622
4240 502
1621 3166
2582 3152
3301 3341
62 3103
153 1338
2168 3657
3127 42
3340 2984
1718 2921
3560 4708
1082 1441
483 801
1302 2932
4640 2319
4753 3498
3780 1882
1853 1948
1274 1131
4530 2185
3497 4702
1082 3633
2413 181
4679 2181
4463 146
659 508
3241 4507
3104 4670
713 407
1214 3081
1581 2536
4185 3139
2569 2190
3226 979
967 215
1864 1801
4138 4947
689 3020
1665 898
3311 465
3286 1386
2473 2874
2384 887
98 664
1311 1617
1294 1667
1574 2405
4283 3060
3989 4356
3641 3417
703 820
4711 2743
3661 2161
4917 4715
4501 4872
420 5
1298 2248
4297 2141
2047 38
1222 3884
1529 4025
313 1010
2692 4294
3730 4147
1298 4705
4769 1552
1903 2856
652 4938
1830 1262
154 2031
3212 4322
1380 4224
3910 1749
3755 4564
76 1524
526 3256
2444 200
3723 4864
1724 2109
345 816
2743 4263
4681 2292
3604 808
2211 2297
3383 4944
1902 4895
3301 4305
2419 3592
503 1888
4076 2595
3542 4315
2869 2538
1096 21
2324 1336
3758 2749
4743 1325
4994 928
2587 1077
393 1047
1274 3707
3042 1573
3124 175
2136 4588
286 2647
3754 4004
1562 1480
1461 224
758 1935
2363 164
831 1370
2692 131
4001 1800
3901 4310
650 2850
660 841
3534 835
3874 1791
687 3419
1010 4839
2076 80
3102 517
2691 2421
2161 947
719 4934
253 1978
3590 1985
1019 4422
4463 2342
690 1250
3397 3228
118 1639
1524 1064
902 3070
1059 1086
1146 4737
4293 3782
2896 1018
1148 2563
4556 851
4825 1285
821 3972
4663 3012
146 3446
3224 384
1941 1764
409 462
3093 3150
129 1142
2176 1547
4761 4809
3483 3122
2847 1850
429 2425
2733 2063
1616 3265
902 4459
713 2913
912 2987
3482 3766
3530 3105
1453 2665
3104 2557
3936 4319
1978 1649
2381 1671
602 1205
1271 3006
2289 3671
4686 4601
1250 4668
2815 1892
3446 2781
1465 2157
3256 2640
4688 4756
315 1925
263 367
1722 3789
2643 1848
3042 4468
1855 2964
2176 3172
4523 2730
3219 3518
1175 368
4329 1586
275 4855
490 1069
2464 4174
3880 5000
3459 4237
4355 4664
3619 1174
2373 2218
945 3688
23 2994
4820 2903
2643 4034
4437 4858
3579 1375
4215 2580
2288 3722
1957 434
2994 260
2624 3192
821 2121
1601 1779
2031 2305
3651 1275
1590 3609
810 3846
2089 2316
785 321
1691 268
723 1970
1708 179
4330 2156
4806 547
3823 4648
1301 4270
3284 3753
3932 167
735 4026
2322 2752
1692 1103
2479 2243
4411 1036
4074 496
656 2116
2570 316
4913 1159
1183 337
1880 4062
568 1228
4900 4392
1706 848
608 4821
2678 4805
4951 1697
2124 1038
224 2533
2312 4774
3065 4910
2482 1166
3702 942
4270 1233
175 3134
1011 2977
4938 1005
2584 3477
4953 4035
1345 1748
830 4863
1181 1566
4913 3993
492 425
2462 3810
1601 1900
515 2370
546 2910
2733 885
978 838
3174 505
909 3132
4756 399
4486 4239
2101 3699
779 4527
82 4912
85 3708
3852 3607
4931 822
1369 3734
1721 1938
1291 3600
838 4195
3488 2701
4514 201
4336 1329
295 3562
2457 1875
856 4084
2303 954
1827 4791
2567 4548
1417 913
274 1243
3410 2041
1194 2390
4148 1951
2312 252
483 2022
1061 4313
2735 1155
4799 1110
687 3195
1927 102
4599 4200
1995 276
33 2097
3589 3278
474 4487
1273 2909
4384 2644
3083 89
3894 2593
23 1588
486 733
1505 1893
486 1972
3997 3287
2756 1307
3808 4053
1142 3025
452 180
1818 2198
2491 4909
2959 1232
1602 6
4589 4284
121 1726
3307 4801
4284 3905
76 4725
200 3982
2384 2481
2899 1510
3620 2227
3980 1083
2435 1165
1397 2146
4441 2393
2209 714
3516 4033
3836 2392
2595 341
167 3204
464 2418
4770 1168
443 4212
1902 340
1711 1424
4897 1820
4670 4996
3260 4063
3254 1707
703 4759
3336 4161
4890 741
4384 1402
3557 4928
1405 1363
739 867
1009 3332
1644 3320
3329 1097
4286 2231
4665 3356
2656 2556
498 1792
1440 640
76 3632
3106 3421
578 250
1885 3869
1191 2286
4645 4653
1481 3828
279 4365
286 3622
4437 1794
888 678
2208 711
2884 1101
4405 2144
924 3515
1097 2265
737 685
3206 1991
3532 775
98 3631
2031 935
3291 3375
1156 3519
884 772
61 4024
2430 582
4876 3109
4802 569
2526 3724
3688 3777
3338 2081
645 3148
405 861
4531 2797
3546 30
2018 532
3088 4817
3985 2357
3772 151
405 1247
3117 2268
3852 242
4195 1797
1228 2287
2400 1658
856 590
4162 4421
458 3385
4080 2754
102 246
246 4593
4855 3121
434 3413
4792 2619
3006 3037
3733 1526
84 4565
6 4427
2897 1949
1411 2045
433 4816
4724 157
1507 1774
3010 3891
4011 2639
650 4658
4266 4923
2292 4837
1558 4450
1412 2603
973 3468
1622 2771
1329 3097
3937 2235
2938 3450
3927 463
3762 229
2159 4905
761 1808
316 1292
1978 4032
1585 4729
4858 3504
2932 2199
1402 3580
4880 3826
4687 1554
3366 4116
2758 3850
3336 1224
4504 2860
4959 2459
4019 2196
463 3659
4772 4296
2815 3807
3714 4948
1597 4175
2182 4082
4572 3908
80 1252
2419 1489
4073 1856
464 3089
758 1883
775 4542
3715 2254
3855 3387
1985 2365
344 2668
4786 2908
1973 642
3216 3827
4862 1969
1121 3876
2773 4078
3081 2514
4142 1330
2229 2308
1072 1289
3723 3942
1255 2032
2392 374
1903 1140
2918 2027
4504 3435
3963 1625
1235 1689
3068 2420
4858 4055
1947 3460
4882 2845
490 133
3286 3652
1992 1541
2550 829
3954 2798
2488 4043
4481 485
4913 3948
4770 2642
3551 4749
3395 333
1059 765
3252 572
1227 2202
1812 3749
1169 2446
4284 2329
3184 1124
2822 3788
2167 4915
3781 552
4629 2880
4154 4102
4310 211
4596 2689
1403 2755
1824 4141
4437 1738
214 782
310 2002
4340 1717
458 1354
1209 1460
4602 20
733 981
4237 2739
3081 2055
2699 4625
1991 2431
2806 2629
4192 3322
656 4353
299 4846
1616 2082
3473 1138
3088 2184
462 2794
462 3267
580 472
3696 2058
358 4721
453 845
704 63
3343 1694
3135 984
3698 3653
4527 2802
3324 964
3859 1538
3844 3738
4734 542
4725 2907
131 1448
1491 2854
3420 1623
3253 3666
3673 4128
1639 2000
2601 3786
2866 2617
4976 577
3134 584
4144 142
1501 2741
3670 1474
4817 959
1012 1785
3997 4508
4247 2562
1947 1358
3350 1297
2613 683
560 2163
3674 545
4316 365
78 2380
3720 414
200 1656
1635 4558
2974 4714
1705 2648
4366 4545
4356 3379
3473 3115
1222 4706
4060 4058
2833 305
3467 1629
3157 2545
570 3177
154 1286
1092 2951
3356 3645
4793 540
3532 4973
3519 1475
3663 1802
398 4525
4034 2276
4268 2309
1667 273
3311 4130
4143 4903
3374 2320
3717 4933
2435 2524
3857 4068
4118 3454
3583 3775
2751 3863
626 1567
4020 241
4380 906
2582 4946
4862 3085
3500 422
365 3503
3483 314
1489 137
1872 120
39 1657
2660 3824
4815 2164
4749 1676
4612 2878
2357 2436
2097 556
1827 1049
2964 1206
2381 3687
1468 1433
3420 1037
192 2088
2062 4177
3184 3577
1480 258
4774 4419
1245 4165
3461 2810
1769 1640
3665 684
4084 3092
1738 2441
3867 2982
3225 3101
2294 2625
1739 284
1223 1587
3867 370
3733 3107
1610 1406
2659 1316
3152 4597
1224 4351
1444 2241
487 3447
2363 3386
577 4646
3106 1157
4026 4713
275 3433
3288 734
399 2412
3960 4997
4123 4559
3345 3779
147 1133
3289 4803
4566 3485
4942 207
3932 3055
4423 1772
3103 3398
2735 3811
3703 4260
346 2969
781 743
4523 2868
4220 3361
2845 2978
338 1401
1353 2515
1989 2415
1462 4012
4472 1757
2041 1709
1691 538
2058 4642
3507 2576
283 2382
468 1139
2176 3004
3622 944
296 2681
3186 372
506 4320
1419 3405
1360 1787
1632 837
3554 1828
2449 3113
358 619
964 3686
3331 872
988 2605
3349 1094
2917 4650
1131 3030
1599 612
4903 3691
2409 4929
1812 4798
3610 1391
4828 2307
3749 4387
4943 871
500 2270
917 1421
4900 2339
4059 1383
4489 4404
2340 688
3592 4767
1622 512
1575 1670
4181 3455
4026 2368
4185 1239
1460 2904
915 4644
3530 4087
3800 4654
820 2352
1889 596
596 4608
1934 2499
2000 2912
113 3330
3638 2728
1313 1589
1326 611
2607 1805
4312 728
593 2255
2409 836
1204 1904
3284 3451
1169 1439
4119 1073
915 1735
3104 2469
4767 4037
2536 4163
4743 40
4544 1790
344 4509
2152 1034
1740 536
2518 4111
3160 1030
2595 1308
3486 106
1191 2703
3493 3266
253 1457
2882 1703
2302 725
2748 90
4919 461
2322 3456
3123 4707
3369 4233
441 1914
816 4535
4366 1164
1934 4002
4804 4920
3225 1887
3049 3047
2510 3705
1749 2662
4100 3517
2690 3588
3602 1074
4695 3812
5 2750
3013 814
3965 26
609 2154
4155 4402
4790 2517
2545 2371
228 3570
2749 1511
1140 457
1146 2805
2172 4363
4897 1532
1754 1650
4910 614
3217 4361
532 2401
3408 233
2340 4057
4232 2579
3340 3298
3804 271
1195 3506
2623 1968
912 4389
723 4956
2991 1428
3468 1382
819 3026
4907 2669
3423 1389
4059 3837
3097 2849
1594 4003
3105 1479
1493 2477
4671 4736
4938 1537
2584 983
4129 1466
1417 349
3069 2839
2562 3639
1539 328
2614 4466
3796 852
2492 2568
1239 212
4396 4661
338 4406
4735 2321
4310 1869
3804 2119
1457 1318
998 3
1779 1533
4493 3029
3989 426
1076 135
1502 2273
230 307
3592 1643
1639 1050
3532 2188
1756 1321
1649 4898
3797 4811
1174 397
1016 1196
2585 1509
4174 2177
269 807
719 4752
3997 1518
1322 3162
2828 4639
199 1483
3472 4133
4221 1549
4474 2029
3529 4222
2201 953
1779 2495
2526 4182
3592 3064
3730 3667
3349 169
4507 1020
1510 3752
2338 976
2231 833
3492 4745
1503 2397
3341 4045
3340 4899
1524 771
228 3816
2964 2831
2390 3767
526 2970
1859 1873
2144 1741
1053 2327
1110 4779
2636 1192
2680 699
250 1496
723 2995
455 3540
2154 2791
4548 787
477 248
4578 2505
4356 1896
2579 3462
4254 3144
1824 3883
1302 4870
3253 795
3670 4680
509 1056
2658 3054
821 1921
3796 4250
2581 3179
3515 4442
3754 2504
1801 544
2246 1542
1978 3182
98 1996
2461 1701
2135 3501
4559 1606
3024 1928
4843 4502
4067 2697
4329 4259
3657 3050
3320 4992
686 187
4495 2300
3671 3979
4934 2646
1059 847
593 44
1094 1936
2748 2925
167 2228
423 1993
4174 2126
1589 956
4533 4539
3588 905
2864 2158
2376 1276
2699 1817
3915 1359
588 2823
3941 2483
2796 406
924 4124
346 4196
4811 1335
1954 3002
4761 1899
3559 730
1831 4287
1619 2174
1546 2388
836 206
4511 3475
4018 161
3912 4306
1998 4281
532 4235
128 445
2267 729
2542 2351
728 1673
490 514
3884 3841
4486 2105
4737 4056
2868 1744
3286 3140
998 1290
2125 1420
4005 1492
626 2928
811 3344
758 3613
1729 3128
4306 1535
4420 385
1952 4649
3184 1750
2833 3268
1601 2259
4749 2685
21 1937
2224 3728
4940 4126
2325 4819
3461 706
4733 3756
51 1832
1787 2808
2234 4999
4609 2336
1744 2138
1059 2314
3581 114
3940 2946
3184 322
917 712
1190 2379
1586 152
4441 3656
2278 4937
3927 195
1143 4271
1229 1863
1249 2858
3195 3258
3988 2432
2578 4106
4237 3791
4615 3565
2065 354
4082 1327
4968 4169
1880 4651
3372 1459
1529 4859
2878 1058
4864 564
1254 813
2359 4054
4739 2958
4522 163
3573 2035
1230 1123
497 3000
4694 4513
975 3255
839 2840
2118 454
3503 3208
2758 4935
2536 4217
1361 531
1534 555
4106 828
1478 3595
2201 877
1763 141
1468 1137
716 2702
3554 4051
1734 3700
4266 3297
3145 1700
3476 1811
1794 4503
4886 2729
532 1807
1120 2762
1954 266
3670 2888
4289 4357
127 4114
3366 1696
1465 3983
2338 3739
349 4742
3644 4847
4322 303
2512 3748
2114 2489
3383 2859
4928 3902
3585 3909
167 2688
2103 2723
2368 2221
4689 3414
3661 1990
2029 4453
4032 1430
664 1652
1794 3923
2703 4546
4175 943
4465 1219
4417 4335
4195 2084
1928 1130
796 1926
1943 1025
1706 1793
613 2344
3484 3564
4493 4581
3926 1843
3665 4728
2365 1966
2387 3203
4681 4841
2884 4624
4393 1826
2811 4794
92 3209
1554 4830
2544 2206
3417 1398
4078 158
514 571
1388 238
1000 1712
2066 1731
4947 460
3340 2217
2779 1497
1060 3528
1581 4295
4190 478
1186 4229
2303 380
1077 3008
1547 2717
397 601
2430 4978
252 1555
3788 3248
619 4110
3843 396
1874 1922
4330 3207
2464 1486
2668 1193
3263 2943
2412 3793
4186 4659
4264 2776
1008 1614
3489 4984
3918 1488
2246 237
3397 2926
1378 191
3148 4626
1191 1517
3455 1408
1594 4788
3644 4553
976 3306
2985 1052
579 3803
141 2219
453 1014
4198 2901
3017 1841
246 840
4650 4971
212 2942
3887 2649
1168 3660
3195 916
706 2954
1249 641
4112 3445
3827 249
2839 3685
4802 2169
3145 3555
1893 4135
3148 4740
2209 4373
3145 2795
203 4892
3017 2552
2128 4125
2984 2889
3037 3860
3959 2965
197 3348
1424 448
2167 3061
1370 4718
2921 1520
1559 1686
4373 930
360 4784
4148 4560
1235 2863
2367 1084
1275 355
4866 2564
2946 172
2041 868
1236 1385
2771 3023
3553 107
207 610
3037 1237
2640 3713
4103 914
3031 1117
4518 695
4975 2447
3208 36
2 4328
2819 3071
4724 352
2796 4137
2629 680
4597 882
1496 389
913 4551
492 1963
1264 9
2755 336
1288 1844
3121 3229
1783 2044
1913 94
4345 176
277 4288
2397 3933
1760 140
722 1736
3295 4092
1520 95
423 442
2515 3272
489 49
2729 4878
3980 4783
2905 4307
364 886
1535 2129
2548 784
3945 1933
4585 3916
1376 1891
2610 1655
52 1198
4034 4491
4212 4414
2576 3243
4652 1108
3775 4145
1111 3034
3051 764
2167 3735
3946 1906
2982 1305
43 511
3369 4273
2031 4485
7 2592
2702 4180
4350 620
62 1484
1165 4611
2305 225
4001 2666
3437 3309
2565 1126
174 3481
4440 4865
2376 3817
90 2122
3640 911
2651 3567
2329 1197
4733 1136
3174 1471
2097 2825
316 1847
1798 3073
3955 4634
4837 2080
1247 972
2510 3067
4616 4908
3217 3312
1952 3924
4829 933
4076 1381
1349 383
3046 3310
3228 3922
559 2437
852 3323
2241 3471
3102 682
3002 4341
4566 4077
3228 261
2590 4382
4251 298
64 875
4724 2594
1503 2117
1414 2705
2264 3019
4881 4888
2188 1835
4564 2920
2866 2476
502 4261
4032 2865
1503 1125
1326 922
4412 2852
2810 999
4378 361
4806 350
4615 1026
3172 2496
3828 2398
3149 138
640 4684
4032 3246
672 373
546 1173
1589 892
2251 3603
4569 13
3646 2711
4878 1167
481 1091
4463 2715
1755 4800
261 4131
4801 4136
1974 3328
2717 1242
1144 1840
1318 3710
2702 65
2329 2626
1729 2812
4333 2813
2633 317
2379 1945
737 4127
601 4812
1686 4236
4752 4567
4997 69
1382 166
1883 4777
1892 475
2928 1071
916 4678
3327 1719
3588 3854
4610 635
720 563
504 2151
1511 1870
1642 1342
899 2445
3854 754
4961 4932
3318 2399
344 4969
3844 1109
3504 2290
3088 1003
2539 2941
3560 306
1372 1506
4108 4575
2689 997
4804 1006
244 4324
3507 769
1101 804
3991 331
349 1878
4862 205
2409 155
4307 3294
241 479
1236 171
3918 1213
388 3057
2909 4764
1009 4519
4898 1660
3610 150
3698 780
1943 202
4180 3251
4321 939
2920 4505
1963 231
4205 2107
1856 75
1422 2213
4777 876
1903 4473
2752 4965
4493 4075
3194 649
3961 4184
538 3594
410 1940
156 1261
1139 1684
719 2887
1318 2560
1903 2734
4760 2092
4622 2775
1439 4621
1020 1600
2275 513
4485 4750
2748 1035
3550 3895
1252 1753
3740 2478
4808 4479
1402 3453
841 759
2275 3218
4628 3381
1082 3873
2303 3441
2668 1699
451 2898
3753 581
515 4241
2798 2785
2660 37
3773 2313
1456 4038
1242 3084
836 1631
4182 669
3075 3953
1352 1132
172 1256
568 4692
1416 2574
3338 3747
310 2253
4574 4700
3700 3545
1020 2770
1564 4179
189 4563
1575 4435
4700 960
1157 210
4479 2817
2390 986
4895 1545
2850 2170
3577 4771
2560 4939
2932 783
4961 3521
148 3317
3425 2857
2909 4354
99 4467
495 2404
1168 3431
339 1154
917 2846
1311 843
3930 3505
2392 633
3489 3167
590 1226
1671 1473
1562 3769
1859 4856
1652 3881
1696 3785
640 1917
738 4022
1790 1203
4809 3027
2718 213
2673 1796
4928 3990
1557 1100
4738 679
190 209
3173 2236
2738 2694
3972 4532
463 693
209 1215
2101 3234
4774 2448
2095 4042
3930 3108
4813 2867
2968 677
3452 2506
1006 239
2796 662
3591 3514
3905 2961
4605 1498
4259 72
2107 2638
2911 1312
2208 1048
709 3966
3029 32
2666 3711
1388 3293
4531 3623
3687 2793
3013 1220
2516 2249
433 4438
2640 3929
3869 4304
446 67
4267 866
4783 3094
4026 2074
4494 3904
2296 2332
2436 2924
558 3147
4308 2033
4224 1450
2858 1661
620 4359
779 2263
4556 4448
1619 3465
1780 1628
1754 855
1334 2142
4913 800
1712 3858
2420 4050
316 3527
4559 3039
4707 1355
899 2931
3696 665
74 2187
3715 491
4147 3181
2373 2374
3848 857
1271 1521
673 653
137 4675
3468 4171
3739 3308
2411 3440
3562 3290
1138 2258
4076 1862
4851 521
3219 717
171 3952
2812 574
4070 1598
3810 2622
4254 4630
4488 46
4328 2583
1640 4747
1007 4483
3360 2894
2599 3587
3899 3168
956 4399
710 1861
3644 2347
2207 3193
797 3838
2647 3950
1849 4902
2629 204
1198 627
1059 4280
4480 386
2451 794
3626 254
1325 1578
1980 3436
822 401
1787 488
2753 3165
1951 4552
418 2999
4438 1778
439 520
2296 3563
4271 16
1782 1390
4126 1960
4557 4781
3395 1265
4811 2827
3661 3432
2673 2872
258 4795
1871 3043
1574 1303
3650 2009
2312 3704
3319 4766
157 3509
2032 846
531 1306
2884 1965
1812 1189
3293 951
296 592
4562 3618
2743 1063
3173 4101
4347 216
2701 2494
3665 2838
838 3151
3601 2006
4646 3052
888 1449
1546 4538
4694 1067
2089 2780
830 1300
2943 530
1403 2467
4895 4571
4118 2757
4715 1645
1929 985
1995 3277
3425 4591
1579 4921
61 2861
4809 2855
3589 2707
4191 1568
4407 311
1140 2328
4794 45
2959 4248
3740 4176
1838 3214
3160 3116
630 1679
3786 3261
127 1319
1602 643
358 4492
967 4431
4667 4346
3642 3239
1005 2588
1857 4537
4795 1867
29 3621
4155 3409
2618 3048
4680 96
283 2069
3282 3249
3945 4134
1636 4631
4609 1170
4771 3382
3423 4364
1821 661
4140 1702
3574 2677
819 792
1131 4439
1416 2821
4456 1118
3650 604
1976 2335
3581 3196
2977 3189
759 2391
1153 3978
4914 2948
4273 2073
1376 3392
1742 3062
1369 3575
957 2774
3762 803
796 1961
3469 731
2078 2572
1658 4069
3642 4710
1133 4823
3926 3676
2745 4911
2307 4604
509 412
908 961
556 70
4707 3842
4267 4748
3068 3009
894 2885
429 110
1407 4510
3939 2179
412 1463
1619 1583
3738 968
1278 2546
2578 3133
1475 1608
4819 3973
3785 219
408 594
3759 1158
3282 1482
3718 387
3482 510
3601 676
1825 134
2587 4720
4382 2725
1262 2220
1764 2934
1291 2015
750 3038
4857 2892
266 251
243 3806
1156 936
3521 3346
3497 1819
775 2627
1772 4930
2222 4394
258 3681
1255 962
4026 3768
1184 762
3324 4227
2794 3458
1166 3821
590 4209
1650 3866
3858 2472
411 4469
4080 3250
4031 1113
3813 2722
1548 2311
1015 603
4085 3056
1206 4987
4194 3016
3930 88
3617 4029
1505 566
2104 2598
2984 265
1274 2577
3647 2333
1733 2140
4448 2364
4026 3231
3298 1919
3327 554
4141 2704
3459 1987
3807 2108
2129 1540
1486 4367
1215 19
1414 3232
559 624
1275 3576
1509 4785
4633 2284
3855 3522
4192 774
2869 2836
4225 1231
3115 1128
1786 3170
4699 1837
4115 4541
4860 1561
2512 4160
155 3582
1493 4673
3284 3864
4608 923
3323 3544
4439 3357
3417 2786
3228 607
1583 2541
1127 1392
4392 1514
900 3584
3480 1662
156 2470
2557 663
2480 2064
2619 1637
1052 4950
3532 501
4508 4555
2248 918
4298 369
408 4344
4069 4550
4773 2012
841 2014
4735 3830
224 3920
2841 2842
2515 756
4688 4461
4758 1784
2650 1761
4733 2225
4536 4276
3317 3814
4086 376
3714 4682
4984 586
1922 691
4199 3215
3662 2976
3192 91
2941 2291
3740 1346
3120 1001
2801 966
3123 4580
164 2766
87 1908
4011 1033
4165 3262
909 4520
4366 4245
591 991
3609 4852
751 4071
2129 3655
2319 1596
2311 3014
4032 2434
3786 4151
630 3076
155 4401
49 4331
1250 2700
4276 4822
3155 4173
4059 3512
1073 432
3475 859
303 550
1999 1470
71 4723
514 1399
4779 1446
462 3187
4538 2953
620 1971
1186 221
573 424
4390 267
2320 4443
439 3862
1526 1469
3069 3552
4550 300
2337 1613
28 2295
2143 1339
655 1646
4792 2345
3356 3684
2094 4744
4365 2835
689 4516
1321 3726
2851 3719
3177 4727
1599 3731
1928 2349
975 4636
913 1553
267 1259
2449 919
4600 3183
3360 874
3667 2269
713 4081
1841 2490
4565 3368
60 3198
1742 3276
4762 4549
2961 849
4403 2784
2850 2280
4313 873
1470 3082
4321 3335
1503 444
3343 2571
4771 184
2919 2534
141 2500
1345 1842
74 1641
2795 4301
3529 104
3147 3223
1797 4906
3102 4579
1599 4751
4831 2484
2907 1413
3574 1773
1863 927
4785 198
4824 2037
856 3625
1922 143
3990 3877
126 2423
2908 3018
715 2008
637 2148
1764 4875
1386 529
114 2468
2813 3510
663 549
974 4583
4513 697
509 4993
3777 3771
2325 812
4287 3677
3929 4867
3761 3809
1924 304
345 1004
1522 4768
4601 2424
490 2800
4829 4958
1232 3605
4948 955
1129 3537
1103 3897
1848 1185
1150 2661
2485 4325
3675 1687
2414 3271
2334 724
976 1894
270 4719
3440 4482
4897 4974
4630 4150
405 1633
4155 2375
157 1964
3646 948
1919 1429
209 2981
710 218
2496 1079
4004 2230
102 236
838 343
859 178
1123 539
3148 1730
4489 4197
1216 1986
3801 2596
4770 329
4238 2883
364 3778
3004 427
3054 182
3711 3499
80 165
4250 4918
1302 3233
4485 3792
2805 1829
4996 3220
909 4703
3954 1816
1178 4655
3963 1068
4655 3470
3497 2498
151 362
2154 2696
4616 440
4693 3270
451 324
1719 4041
4467 2611
3797 1912
2676 2439
4384 3096
662 1804
189 4617
219 2950
2673 4894
4100 2914
2526 400
916 3669
4600 3415
4830 1775
171 3919
2303 1188
4147 2301
1759 4666
2582 707
3739 173
2899 456
94 2298
897 1122
3621 3072
2198 3502
597 2671
3597 4672
4183 4008
4606 1371
4176 2383
103 2145
385 4656
1262 4158
651 301
2427 1834
1227 1737
3811 4272
3338 2606
1111 27
4079 3637
426 4989
900 3129
1214 4309
1080 1852
1781 4253
4295 4780
338 3774
2878 2237
90 963
768 108
1117 4521
1523 3951
4663 4030
2534 2672
584 1176
2615 3627
2798 2503
951 4358
3218 3764
3159 4334
2858 3678
1263 334
145 2875
1482 3693
1607 4371
233 1528
2495 3354
4550 869
4017 2986
3599 381
833 3259
4226 3005
4667 1455
4397 806
1402 3334
2233 519
2063 3211
3205 320
3193 413
3216 2247
655 222
1583 815
1191 3709
526 4471
886 2663
3387 2497
1863 1149
3162 3635
2413 4168
3391 1384
416 86
3476 507
2511 2862
668 901
2516 1104
244 3608
4017 3566
688 318
1956 2547
3136 4000
150 2879
1992 4613
3304 4797
734 3090
1553 1572
1134 850
2336 1087
3362 523
2945 3316
1087 3479
1252 753
4665 777
1083 2026
1236 2486
4350 4047
91 4990
4267 1218
1145 4206
3023 3770
3366 971
1371 646
3227 162
209 1953
1773 123
3795 4010
663 4242
2463 473
137 1513
1142 2183
185 1550
2284 3763
4541 2519
2540 2090
2228 1693
3068 2046
3752 4311
3726 1362
3274 858
3959 2139
2995 4193
3828 2028
3062 3438
657 4218
3204 4638
3362 1283
1753 4677
1837 3556
2249 1771
2695 1789
1597 2893
2231 2038
2292 327
1468 4299
114 3568
681 3572
1131 1093
327 4627
646 3351
3396 1200
1039 3131
2236 3058
940 4598
2816 4410
1536 4470
4825 2507
4450 159
1448 2106
4481 1021
508 3333
199 2016
848 1777
1939 3240
1824 1442
3244 1217
2004 1161
2127 1932
1010 2068
363 4028
3788 3636
2935 4113
2531 2803
2252 4874
2836 58
1413 3878
1399 3399
3147 1604
3163 309
2759 1770
249 4023
2543 2721
4615 3197
440 4409
4767 395
708 2042
3650 2331
1649 3967
3780 1571
4437 2939
596 2120
4137 2450
3471 3400
2873 3818
2065 4954
1541 93
3926 3355
1447 4188
1573 1519
2780 2428
1105 2406
2190 136
3156 1918
2752 4252
703 567
492 4698
222 1577
1870 1563
2295 4015
4479 3928
2106 4647
1792 2389
1549 4883
1339 1977
1047 4036
1190 1436
907 2274
2811 3571
4258 4982
2166 2523
2467 17
1335 3164
254 993
843 1251
548 4524
1349 2549
4142 2608
1203 1716
304 2180
4137 3885
1606 4476
1604 1366
1183 2438
734 528
4369 4256
1577 2923
3103 3411
2018 4506
1255 2355
2542 3077
1966 4849
1136 3847
1188 2529
1891 1367
2804 4374
4901 4211
2858 4433
829 2936
3399 1681
1040 2317
3879 2330
3337 3154
647 658
3307 621
1246 56
1863 2194
1642 1057
1604 1576
2673 904
3504 4152
814 2777
4816 1374
1230 639
2327 3911
1082 969
1652 2710
1091 10
210 4807
2319 638
4723 2057
4523 946
4037 1115
962 3893
3340 144
3742 3365
3089 585
1790 449
1737 1394
3145 4349
1191 3969
639 3861
2126 589
4081 2891
1867 4573
2211 4922
2589 3326
1300 2807
4321 2998
1168 925
148 2790
3547 4375
973 2853
2370 3615
3804 53
1562 1868
4627 1664
1670 4462
896 1620
357 3744
1389 883
3482 1106
4091 4372
344 1454
2811 4445
3812 2283
772 1332
2378 2719
3650 3032
1607 1799
3311 3142
3019 4436
4771 893
1181 255
2668 1725
1965 2957
2456 2453
2436 3003
4656 3247
1298 1727
3318 1051
971 2001
873 3242
498 2465
1441 2679
297 2395
2485 3347
4938 2940
3465 272
1506 2132
3831 1135
1600 109
188 4009
4462 4904
1434 786
1283 1981
4025 2645
3701 1240
2267 3191
3194 965
4390 853
3518 2876
897 4854
1931 1435
3669 2966
1475 3882
2270 2186
894 3849
3468 332
4500 4594
1944 1393
2783 1810
413 3098
1670 4498
4857 3697
1181 2191
2484 1147
1838 817
3764 3628
1605 2716
2738 4455
4470 818
3764 4635
2892 2005
104 1866
3755 2768
4736 4216
314 1910
2853 3612
152 2356
826 543
4726 2110
3543 1089
3264 1762
4360 3832
2119 2056
4276 1267
4893 4478
2416 3533
1280 59
343 4007
4011 3373
2577 1027
3948 2341
2495 3716
1445 3200
1905 4149
4881 4204
1173 2979
2203 2171
168 2475
4790 101
4409 4279
56 3524
4053 3598
2179 1653
2495 3784
4496 1494
792 1090
2617 2137
1787 4757
1405 2133
3984 654
3959 3401
4700 1368
2151 3100
3901 2906
1874 4282
1907 3040
4983 2698
2085 809
4972 1281
1277 3285
3069 4386
3707 3679
4600 2551
1604 3313
3590 2670
2308 1081
188 3087
1698 3178
1118 4850
3563 240
1173 4475
2893 1364
4771 3283
2709 1054
3677 3757
4659 2834
2430 4986
1684 1955
1457 1201
2062 3649
3886 437
2461 4046
587 692
4184 1055
352 3839
3641 1458
1404 2937
965 926
3736 4704
1775 3175
4180 3300
611 2990
1437 2216
1357 878
3846 3835
3739 1743
4789 264
1550 1187
4930 2377
3239 4835
1816 68
3644 1647
4222 2746
2270 2343
4002 3302
4950 2049
3955 83
1665 1615
2300 1713
1706 1266
4993 4156
4527 1803
208 466
1850 1983
820 4132
4679 3593
2041 4685
292 1248
4159 2764
1159 2922
2642 1041
4602 308
2543 860
3890 4178
851 2788
4631 2272
3292 1531
3068 3063
2194 3146
407 4836
668 1078
3502 1666
1651 2433
220 2212
564 3403
1922 920
1470 2299
3654 79
1889 1678
1363 2944
4588 3586
1504 3221
1636 499
985 1295
1993 2628
2665 3737
3670 1431
2834 447
2701 2131
1345 1467
151 428
3789 4662
2316 4429
222 1508
448 4395
2510 4337
2483 2844
3762 2655
506 1982
4877 518
4571 11
1978 2096
1479 1994
3821 1732
4788 4587
3186 493
1641 1333
1541 1022
2732 1923
4318 2747
4974 2528
2970 2653
350 4104
1481 1043
1618 1415
2634 2266
4306 4172
1244 3732
1376 3448
4793 4323
2805 245
2860 3981
1305 2173
2099 2848
266 1272
1417 2023
4144 3427
4490 122
4982 921
1975 2205
4120 4949
3057 2960
531 3958
2542 3210
2557 525
470 744
2816 2260
4052 3095
3669 2772
3689 732
3156 1958
2629 4477
225 4568
290 4889
546 4139
4216 2881
2494 480
51 4484
1955 4454
4636 2870
647 2992
1620 2814
1719 773
3799 2326
3575 431
1660 1565
4759 1464
3791 2895
4801 791
1379 1062
3276 3921
1972 1746
2464 1675
4031 4603
913 1023
1052 4265
2493 4208
4376 4257
4936 3185
743 4717
2332 435
4420 471
657 4370
4806 1152
771 982
1185 4327
1222 3422
3734 294
3241 4415
2371 2153
1304 4090
1774 2052
4286 3903
30 2226
1107 2809
2458 2471
4458 2111
2328 2586
1627 576
4363 4398
3683 3511
321 4243
2376 522
4312 2402
927 111
3502 2877
737 4614
712 1776
31 2175
4848 319
2808 125
3499 2635
2512 2609
4579 3999
4023 827
4531 1499
4306 2178
1195 3535
4671 2039
2224 4916
4175 1752
3758 788
584 4697
4628 2245
2143 4426
289 736
1307 776
2356 2501
1177 3199
4045 1477
3106 1320
53 2372
3677 3269
4020 4731
2760 2407
1745 2522
4808 3370
4455 2155
3678 3296
4313 1768
234 3230
2917 3424
4074 2189
2986 2604
447 2530
4029 3943
3919 1395
4421 379
1556 879
3109 950
1742 1070
2864 1909
4876 3407
552 4040
3053 2350
4918 326
2822 4632
1900 4827
3787 3541
3602 4164
2756 1920
934 2674
4764 4853
3341 2616
1252 3022
2303 4109
2693 3494
3087 1343
1505 4066
1860 4925
1480 4425
3099 3680
3946 1024
4117 1328
4641 3126
2857 727
4784 2930
3138 2466
1124 3169
417 1959
1877 2637
4547 2304
3487 3490
2013 2554
3402 3975
199 4418
837 50
2700 2971
2481 1634
784 2474
2092 553
218 1680
1013 4995
4735 2366
185 1609
2833 4093
4296 1344
3265 4157
3422 3968
687 282
687 4412
687 1069
310 999
310 4673
3264 4146
3264 4377
3264 1975
3264 4473
3264 2478
3163 359
3163 1107
3163 4588
3163 4971
3163 362
4451 3836
4451 660
4451 2462
4451 1590
4451 3385
4451 191
4451 3323
4451 3189
2751 3075
2751 439
2751 1883
2751 4279
3360 1481
3360 995
3360 2557
3360 4421
2223 3992
2223 2631
2223 1566
2223 847
4641 1671
4641 1430
4641 182
3879 4061
2493 4514
2493 4019
2493 4223
2493 4461
4159 3425
4159 129
4159 570
4159 4184
4159 1458
3190 1642
1724 1190
1724 1123
1724 2592
1724 3704
1724 3680
1579 4721
1579 3455
1579 4567
1579 2838
2819 4072
2819 1560
2819 2171
4824 1622
4824 4076
4824 4528
4824 764
4824 3747
4824 3400
2087 2394
2087 1324
2087 2634
2087 4154
3658 1270
3658 1271
4530 230
4530 2244
4530 3283
1884 3225
1884 3808
1884 3894
1884 2371
1884 669
1884 1953
2396 4351
4458 4612
1722 4857
1722 1161
8 232
8 4075
8 3181
8 1583
2491 1211
2491 4214
2491 233
2491 4631
2491 918
3035 3066
3035 3621
3035 2301
978 188
978 4264
978 680
1274 2731
1274 3357
1274 123
403 3617
2325 1040
2325 2050
2325 102
2325 875
2325 4875
1711 59
156 634
156 1202
156 1353
156 2778
1227 4336
1227 1523
1227 2055
1227 1203
3497 4261
3497 2498
3944 3536
3944 4851
2419 3578
2419 348
2419 4441
2419 656
2419 4675
4955 575
4955 618
4955 4017
4955 1483
4955 2986
4879 3952
4879 2486
4879 3757
2487 21
2487 333
2487 1265
2761 1698
2761 3373
2761 2979
2822 3049
2822 2334
2822 146
2822 3788
2822 3361
3825 1186
3825 2567
3825 787
3825 221
1739 4298
1739 369
2997 4021
2997 1973
2997 4361
2997 943
4383 3102
4383 1601
4383 3289
4383 1526
4383 774
2128 494
2128 651
2128 3994
2128 301
4297 739
4297 2100
3206 1396
3206 4752
199 618
199 1483
347 2779
347 2443
347 517
347 3322
1462 4069
2949 3308
2949 3882
2949 1328
4027 1234
4027 4628
4027 2273
4027 1555
4027 1132
4027 827
2201 2152
2201 2778
2201 1034
2201 953
2201 877
4146 689
4146 4165
940 2306
940 1854
940 502
940 3232
3617 1903
3617 2328
3617 4029
3617 2586
1830 1767
1830 1689
1830 4158
3093 4754
3093 1511
3093 354
3093 2865
3800 3546
3800 3736
3800 30
3800 4654
3800 1652
3800 4723
4585 3916
4167 690
4167 4686
4167 4668
4167 4535
4167 4295
4167 2424
4185 990
4185 728
4185 2942
4185 2402
1714 243
1714 3667
4693 4011
4693 4938
4693 1537
4693 1033
4693 3240
4782 651
4782 1493
4782 4673
382 3091
382 3166
382 4470
3602 4423
3602 3393
3602 981
3602 665
3602 4209
3602 2747
4097 4119
4097 1067
4511 3685
4511 3116
1468 924
1468 4884
1468 2500
3934 3363
3934 2181
3934 3251
3934 3809
3934 4334
3934 815
3804 1270
3804 2161
3804 956
3804 2707
1279 3856
1279 1685
1279 2880
1279 1701
1080 3949
1080 722
1080 462
1080 2794
1080 4030
1901 3676
1901 3355
1255 1529
1255 4859
1255 4216
2686 495
2686 4230
2686 2143
2686 775
2686 2703
2686 501
2233 2267
2233 441
2233 2643
2233 3580
2233 163
2233 697
2233 567
2233 471
1284 243
2884 2476
2884 2957
4377 127
4377 2727
4377 2589
4377 2208
4377 4110
4377 4136
4377 1519
4377 621
3260 4063
3227 897
3227 3119
3227 162
1838 1665
1838 4821
1838 1707
1190 2736
1190 4202
1190 496
1190 2379
1190 1436
1747 1708
1747 1417
1747 3741
1747 2829
1747 1128
1747 1572
797 580
3907 4348
3907 3413
3907 2459
3907 688
3907 2925
4115 1525
4115 4005
4115 4197
524 3292
524 410
524 1940
524 1531
4882 1734
4882 4735
4882 3927
4882 4557
4882 4008
4882 1267
117 4130
117 1511
1409 3467
1409 3205
1409 3578
1409 2558
1409 3870
1409 3734
1409 4626
1409 3735
4629 1685
4629 2880
3683 1516
3683 3698
3683 810
3683 330
3683 3884
3683 4081
3683 4150
1580 2047
1580 3729
1580 1392
4942 4416
4942 1795
4942 1686
4942 610
4942 4236
4942 4015
1516 1222
1516 552
1516 2044
1516 4179
2160 2624
2160 3192
2916 4619
2916 4326
2916 1214
2916 3836
2916 541
2916 267
2916 1604
2916 1366
1569 629
1569 1352
1569 3779
433 3634
433 4438
433 4672
3425 1701
3425 2857
3425 3100
3425 727
2449 689
2449 3113
2449 4516
4360 4734
4360 3542
4360 1258
4360 485
4360 4992
3102 682
3102 585
3102 3999
2687 77
2737 1815
2737 734
2737 3090
2963 1809
2963 1372
2963 1924
2963 3587
3376 1533
3376 2495
3376 2259
1066 4251
3995 4344
359 2083
359 4588
2623 3408
2623 233
2623 4152
2851 579
2851 4572
2851 3719
4619 1260
1171 487
1171 3305
1171 1352
1171 352
1171 3839
4074 2742
4074 391
1268 4997
1268 3323
1268 1333
356 4726
356 4144
560 570
560 4594
560 4986
119 4699
119 1089
3099 2947
3099 116
3099 3137
3099 4628
3099 1849
3099 249
3099 2139
3099 827
3939 3798
3939 2440
3939 4712
3939 2179
1638 481
1638 10
1323 2227
188 2099
188 337
534 2859
2833 4118
2833 3454
1946 2532
1946 2993
3640 4804
3640 4920
3640 985
2502 2740
2502 2159
2502 3948
2502 795
3899 4523
3899 2730
3899 233
3899 3168
3899 946
3484 2125
3484 444
3484 3005
2660 891
2660 2896
2660 4930
2660 4253
781 4871
4219 3353
4219 2134
4219 2097
4219 3215
353 167
353 2954
4665 4709
4665 1600
4665 2374
3912 3390
3912 1275
3912 3902
3912 2178
2988 870
2988 2622
2988 222
2988 2923
2988 3975
3307 711
3307 791
1042 2182
1042 14
1042 2126
1042 163
1042 4394
1042 1185
1294 1155
1294 4212
1294 2432
1294 1355
1294 4950
1294 1680
1642 1318
1642 2946
1642 3246
1642 1342
1642 1256
1642 4939
1373 1410
1373 1851
1373 3228
1373 2904
1373 3154
3042 430
3042 358
3042 4468
3042 1319
3042 692
4885 2362
504 2151
1397 3874
3149 4980
3149 4376
2363 2003
2363 3430
2363 3546
2363 2320
2363 2327
2363 2766
3480 3530
3480 831
3480 4087
3480 2976
4430 579
4430 3565
4430 3803
4430 1026
4430 3197
4886 2729
4886 4878
4886 1167
3024 3600
3024 1130
3024 2349
1314 1208
1314 623
1314 3086
1314 1563
3358 1180
3358 1814
3358 2100
3358 4248
3358 4823
4669 1127
4669 4738
4669 3568
987 3992
987 741
987 1904
987 2934
987 4698
234 2302
234 1002
234 57
234 4967
2569 830
2569 2190
2569 1038
2492 3111
2492 332
1501 4292
1501 4771
3350 404
3350 2154
3145 1599
3145 1556
3145 4509
2378 4845
2378 1592
2378 2771
2378 3747
2378 961
2378 2883
4220 3049
4220 3361
2765 2252
2765 3235
2765 2701
2765 4450
2765 1640
2765 2494
2765 4461
615 2267
615 729
615 3191
1163 551
1163 1032
4514 1723
4514 3664
4514 3402
4514 4365
4514 837
4514 2596
4514 3975
4112 4871
4112 3741
4112 2748
4112 1552
2630 3487
2630 3490
1636 1122
1636 2272
535 684
3773 3991
3773 577
3773 4134
277 177
277 4499
277 2864
277 4387
3701 1942
3701 1048
3630 51
3630 3474
3630 2347
3342 4817
3342 1439
4776 4284
4529 4318
4529 2747
4957 3337
4957 1607
4957 132
1153 715
1153 3978
1153 901
2542 3653
2542 2891
4329 3971
4329 4266
4329 3876
4329 1598
4329 2700
2899 3343
1502 2273
1502 158
1502 249
1502 2592
1502 2245
2673 1796
2673 2872
2673 4894
4016 1618
4016 3660
3715 1425
3715 3301
3715 4305
3715 4045
3715 2842
673 3703
673 4741
673 3573
673 947
673 4260
673 2475
196 907
196 2274
2359 1383
2359 4054
2359 2757
2359 3512
3962 1324
3962 670
3962 2769
3962 1461
3962 224
3962 577
2718 1146
2718 1141
2718 1588
2718 3098
2125 4994
2125 616
2125 3942
2125 1904
2125 2216
657 243
657 1610
657 1406
609 1338
605 1432
605 194
605 460
4413 4643
4413 436
4413 3604
4413 2019
4413 3900
3253 1159
3253 2341
690 4464
690 4923
690 4783
690 1598
690 2971
4397 2063
4397 3767
4397 1496
4397 3618
2482 2147
2482 4887
2482 3289
2482 1166
2482 383
2482 1390
2482 2549
1622 2018
1622 2606
1733 1296
1733 2181
1733 2390
1733 2140
3513 2581
3513 1246
346 2374
3539 3079
3539 1338
3539 1676
3539 2823
3539 2698
4079 3637
3157 2526
3157 2545
3157 2371
3157 2153
1410 85
1410 3536
1410 2072
1410 1197
4726 1282
4726 2110
1833 4517
1833 3990
186 4245
766 2089
766 3751
766 2248
766 918
3173 4592
3173 2236
3173 3806
3173 3058
924 1076
924 3664
924 4442
509 1463
509 4156
28 2613
28 2295
3372 3558
3372 1445
3372 2211
3372 2662
3372 254
3372 86
3372 4922
3372 3882
2162 3213
2162 1712
2162 254
2094 3203
1582 2593
1582 209
1582 1215
1582 19
1759 3106
1759 1307
1759 1157
1759 4807
3543 3556
3543 1089
4786 405
4786 4564
4786 4552
4786 3018
4786 2171
4786 2205
2947 2247
4201 4072
4201 3161
4201 446
116 158
116 809
116 2245
3075 4118
3075 3454
3075 3953
4400 3508
1282 482
3647 1372
3647 1506
3647 3587
3647 2180
3647 2132
1053 3911
4831 4919
4831 61
4831 4048
4831 4024
3772 2917
3772 3236
3772 4389
655 2462
655 222
4064 3718
4064 699
4064 3502
4064 1454
4838 4791
4778 3580
3694 2262
3694 2552
3694 2490
580 1007
580 1465
580 3331
580 2784
2706 354
2706 2283
3507 1644
3507 3243
3507 769
3507 4520
3507 4703
4457 708
4457 4100
4457 2755
4457 754
2267 729
2267 3191
1934 4002
1934 3302
4446 1574
4446 3304
4446 2405
4446 1303
4446 4797
636 4706
1522 4768
1304 1444
1304 3471
1304 1063
174 3404
174 3481
2599 1372
2599 3587
2599 2180
3397 3228
3397 4131
2570 4660
2570 1292
2570 1847
1825 1544
1825 4215
1825 4300
1825 2580
1825 1820
1825 4974
1786 1929
1786 418
1786 3714
1786 606
4600 2905
4600 1515
4600 2551
1315 4076
1315 2962
335 4648
4186 2579
1574 3496
4988 757
4988 2695
4988 3843
4988 1312
1485 168
1485 1369
1485 2445
974 2826
974 1321
974 1362
974 4470
1705 3275
1705 1051
81 3799
81 413
3516 2239
3516 4033
645 3589
645 1264
645 3278
645 4740
645 2707
3930 3505
3930 3108
3930 88
1558 2242
1558 2657
1558 4688
1558 2754
1558 141
1558 3793
85 1851
85 4262
85 3708
85 4284
85 3567
3696 4642
421 4625
421 2388
421 4538
421 2953
3601 2305
3601 1883
3601 3285
3059 3935
700 4716
700 2024
700 3525
700 4525
1407 3801
4813 4679
4813 2390
4813 986
4813 3593
25 1997
25 4491
25 1185
25 1152
287 4207
4187 1125
481 1091
481 10
1763 2657
1763 2412
1763 3793
824 1827
824 4791
824 1049
2792 1246
2792 3540
2792 56
3429 598
3429 4150
3611 230
3611 307
1309 4340
1309 709
1309 3966
1309 1371
1309 646
2801 500
2801 4254
2801 3298
2801 3968
1635 4558
1635 4997
1635 69
2018 3321
2018 4597
2018 1807
2018 2883
2018 4506
453 64
1356 3201
1356 4238
1356 707
1356 3693
1597 2288
1597 3795
1597 1995
1597 3277
2435 1849
2435 3959
2435 3779
4610 1824
4610 4021
4610 1529
4610 4141
4610 2704
4610 2645
4610 4216
4610 2039
1512 571
1512 4647
1512 466
1939 4228
1939 1005
1939 1537
1939 2940
1076 3664
1076 135
398 3343
398 3525
398 1845
398 2738
398 4392
398 376
398 4455
1016 3341
1016 2842
4020 4891
4020 241
4020 479
2828 2731
2828 1038
3314 3844
3675 3974
3675 1591
3675 1687
1871 2683
1871 465
1871 2249
1871 1104
1871 1771
1146 3353
1146 3799
1146 3400
726 1754
726 1650
726 3866
1361 4633
1361 2360
1361 1306
1361 3958
2461 2933
2461 1701
2461 4046
1414 1557
1414 1100
1767 3526
1767 1235
1767 1760
1767 2863
1767 1062
3383 4122
1182 1944
4316 1888
4316 3503
4316 1873
4316 3306
3987 2413
3987 181
3987 4168
4959 3955
4959 3802
4959 3489
4959 4984
4959 2258
4959 83
2076 165
2076 753
3857 4059
3857 3325
3857 2479
3857 4068
3857 2836
3857 3512
2136 721
2136 3586
3650 262
3650 112
3650 2331
3212 870
3212 303
1007 4787
1007 3983
1007 4050
4606 1717
4606 646
4606 3351
2974 3668
2974 2480
2974 3138
2974 180
2974 1554
2974 3175
2974 2466
3938 2430
2985 1052
2985 4950
2985 2049
4842 1340
3642 1247
3642 3239
3642 4835
1756 1321
1756 3726
1756 1362
599 2531
599 3914
599 2803
2607 1805
4907 763
4907 323
4907 2669
3299 4953
3299 4683
3299 4359
3299 1971
3299 4916
3472 4964
3472 4133
3472 1634
2615 4814
2615 1363
2615 2562
2615 3627
2615 4498
2062 3794
2062 470
4926 3880
650 2919
650 2850
4072 842
4072 3161
4072 1791
3868 1002
3868 2731
3868 1773
3868 123
4268 3763
4268 2990
98 459
98 1269
98 995
98 2710
4531 4336
4531 3514
1403 905
1403 754
1403 2467
1403 2042
1403 17
3091 1350
1952 78
1952 2380
4384 3339
4384 1584
4384 3449
4384 3162
4384 2145
4246 2511
4246 2862
1195 3506
3337 2010
3337 3154
3761 2972
3761 1241
3761 4932
3761 879
4495 2300
2021 1253
2021 436
2021 3604
2021 4499
3366 219
3366 2001
4602 20
4602 3094
4602 1598
4533 4539
4533 2423
4533 2716
4269 3690
932 1425
932 3303
932 2842
1503 4540
1503 444
3045 4434
3045 3405
3045 1220
1809 3188
3801 4223
3801 2196
3801 4719
551 2927
3915 4734
3915 2664
3915 1359
3963 3918
3963 1156
3963 3213
3963 3519
3963 1625
3963 1068
3898 1721
3898 1938
3898 2728
745 12
4326 1880
4326 4651
4326 2844
2078 2430
2078 4978
4059 3837
4059 58
3955 3802
3955 4098
3955 4984
3955 4634
2066 2824
2066 3312
2983 2368
2983 2221
2983 2074
2983 3231
1127 3873
1127 923
189 4378
826 543
3703 3486
3703 4741
3703 4260
3703 3333
4660 793
4660 2336
4660 3348
4660 1170
4083 418
4083 4948
4083 2999
4083 4682
4083 955
78 455
78 3540
78 56
78 3524
703 2352
703 4466
703 567
842 3874
842 1791
3890 2440
3890 4178
1365 973
1365 1382
1365 166
825 1812
825 894
825 3749
825 4798
3651 355
3651 3576
4804 4920
4804 1006
4804 239
3420 850
3941 1880
3941 4062
3941 2483
3941 2844
1418 4452
1011 4884
1011 2977
1011 3189
1347 1377
288 3548
288 1610
288 1406
2779 4554
2779 1497
3536 1205
3536 4284
3536 3905
3536 2961
3644 4847
3644 2347
1141 2410
1539 328
3301 3341
672 2444
672 3393
672 3324
672 3982
672 4227
672 424
3156 3909
3156 2560
3156 1201
3036 2358
3036 3533
1183 1389
450 3180
2408 1545
2408 510
2408 1106
452 180
292 4474
292 3553
292 3109
292 4453
292 107
292 3039
3733 3107
3733 1469
423 1993
423 442
2968 3495
2760 871
2760 571
2740 2369
4330 2525
4330 4985
4330 2667
4330 3000
4330 2366
4464 3094
4464 2026
1626 1487
1626 3273
1626 440
282 2509
282 2067
1766 4500
1766 4277
1766 941
1766 3417
1766 942
1766 4727
4096 4067
4096 417
4096 26
4730 2820
4730 3377
4730 3815
4730 3244
4730 2244
4730 1450
3670 1795
3670 1474
3670 4680
3670 2888
3670 96
3670 1431
269 3423
269 807
269 4364
269 473
3910 2662
988 4293
988 2520
988 1148
988 4044
988 2605
751 4071
24 177
24 593
24 3523
24 2255
24 44
24 2158
2337 1278
2337 3688
2337 2393
2337 2546
2641 4129
2641 1466
1254 1293
1254 813
1229 1863
1229 927
1229 2194
1229 111
1683 3017
1683 1877
1683 2552
1683 2637
1244 1621
1244 3166
1244 3455
1244 3732
1291 4170
1291 3600
1291 2015
3569 3065
3569 2890
3569 4128
494 2900
760 3006
289 1029
289 4449
289 3308
289 1328
420 5
420 2750
3880 4444
3880 2832
3880 5000
3880 1566
3880 857
4205 4119
4205 4162
4205 2684
4205 4421
2302 830
2302 1038
2302 725
2302 454
2302 2807
1481 2783
1481 139
1481 871
990 4755
990 240
990 2402
2804 361
4927 613
4927 2692
3889 4199
3889 3215
3945 2102
3945 4134
124 4445
2485 2104
2485 3718
2485 4509
2485 1454
2659 1453
2659 2665
2512 3748
2512 2609
2195 1221
2195 3954
2195 1592
2195 786
1734 2525
1734 3700
3160 2264
3160 4772
3160 1882
1443 4162
1443 432
533 3682
4190 1541
4190 93
4190 3928
713 407
713 2913
713 4081
713 4836
3758 1511
3758 1563
3758 788
2480 4687
2480 1758
2480 3138
2480 4830
2480 1775
4120 2510
4120 3705
259 3982
259 1226
259 4209
3574 2677
3574 1773
3224 805
3224 384
2830 1072
2830 4202
2830 1289
2830 3048
2714 4148
2714 565
2714 1614
1695 733
1695 981
3011 55
3011 378
3011 880
3011 704
3011 1973
3011 4321
3011 750
3011 3171
3011 4346
3011 3038
4293 3743
4293 3782
1269 839
1269 2840
2394 1564
2394 2634
2394 4043
2394 2266
613 139
4278 1651
4278 3271
3065 4504
3065 2890
3065 4128
3065 4429
1438 4294
1438 1448
3416 1698
3416 409
3416 2759
3416 2794
802 3725
802 404
802 4917
802 1338
802 1645
902 4459
4500 4277
4500 3177
4500 4594
1172 3124
1172 175
1172 584
1172 1176
1172 4697
3238 1782
3238 785
3238 321
3017 1841
3017 2552
4203 724
3051 556
3241 4507
3241 1020
3241 1600
3241 2770
3241 4415
587 3596
587 3867
587 3957
587 2982
587 370
587 2173
7 2592
2897 4809
2897 3027
2897 2855
2897 539
2938 3450
4589 2961
4589 849
4960 2832
4960 857
4960 255
2597 3217
2597 1616
1162 149
1162 1238
244 4324
244 3608
4181 1621
4181 3166
4181 3455
3698 3653
3698 780
4434 2915
4434 4527
4434 1220
4434 2263
4434 2777
4434 1803
4434 1983
573 4234
573 424
938 51
938 2782
938 198
938 4484
1742 1465
1742 2157
1742 2420
1742 3983
1742 4050
4416 1440
2261 467
4463 2210
4463 2342
4463 2781
3746 148
3746 3317
3746 2790
4480 899
4480 2445
4480 386
909 3132
909 4520
909 4703
3066 2454
3066 1400
3066 477
3066 29
2783 3033
4663 715
4663 668
4663 4030
4240 4408
4240 502
1621 3166
1129 3537
4303 2581
4303 2442
4303 377
3304 3496
3304 4797
3781 1144
3781 750
2975 205
2975 440
4504 2089
4504 3751
4504 3673
4504 2890
4504 2316
1708 1947
1708 2555
1708 2748
1708 1358
1708 90
2306 4095
2306 2720
2306 2127
2306 1854
2306 1986
2306 1932
1824 2873
1824 1611
1824 1529
1824 4736
55 4667
55 750
55 1840
2124 830
2124 2118
2124 454
4014 4936
4014 3185
1564 4179
559 2587
559 1077
559 3008
559 2437
559 4720
1525 1210
4845 2197
4845 4256
2384 3112
2384 887
2384 1634
4893 536
4893 4478
1214 3081
1214 2055
495 3949
495 4024
4806 4694
4806 2048
4806 1997
4806 350
4806 1067
4806 697
4806 1152
4806 4327
1105 2406
4355 3082
4355 2212
4355 2350
299 1618
299 1944
299 1168
299 3431
299 1393
299 1415
4828 3121
4828 3433
4828 3229
4828 4604
2113 2386
2113 960
2113 1267
1114 3822
2013 4547
2013 752
2013 3603
2013 2554
527 1602
527 1233
527 6
527 4427
1234 1575
1234 4708
1234 3639
1234 306
4968 1412
4968 2603
1880 4062
1880 4651
3599 1348
3599 3367
3599 381
3338 3747
3338 2606
1859 1873
1859 4856
3349 1094
1437 2216
1465 3068
1465 4050
1116 2787
279 1632
279 4365
279 2835
279 50
2422 203
2422 4042
4880 721
4880 3826
1002 2731
1322 419
1322 1584
1322 3449
1322 2145
1322 589
1322 3247
1322 2474
4733 4732
4733 2225
4733 327
4733 3847
1169 2446
1169 959
1169 1439
1169 1003
3340 2889
22 2054
4963 4087
4963 4718
4963 2976
3127 42
3717 2815
3717 757
3717 4393
3717 3807
3717 4933
3717 2108
3717 4757
1818 3502
2303 198
2303 2716
3343 2339
3343 2694
3343 2571
4686 1581
4686 3531
4686 345
4686 1341
4686 2424
1411 2045
1311 3242
1311 1768
3558 1028
1821 2091
1821 2346
1821 661
2873 1611
2873 3818
2293 1092
2293 4213
2293 2257
2293 48
2293 2951
2293 2188
2293 2627
3802 3489
3802 3167
2003 1478
2003 4443
591 2789
591 4590
591 991
2709 656
2709 4353
2709 1054
2539 2473
2539 4192
2539 2550
2539 2874
2539 829
2539 3322
364 1822
364 4173
51 3984
51 654
51 4484
4214 2213
2680 699
3526 3865
3526 1062
931 4223
1605 35
2252 4432
2252 2053
2176 2275
2176 3736
2176 1547
2176 1242
3013 2802
3013 814
3013 2263
2275 3764
2275 4635
4901 4211
2742 3547
2742 3888
2742 4375
2902 4086
2902 376
1419 2691
1419 2421
1419 3405
3202 2285
4523 4018
4523 2730
4523 2868
2815 3807
2815 2108
100 2123
100 4060
100 2020
4980 3520
4980 4998
4980 4257
2820 4292
2820 3377
575 290
575 2986
575 2604
2444 4084
2444 3982
2444 1656
1682 2816
1682 1719
1379 3616
1379 1235
1379 1689
1379 2863
4080 2242
4080 3250
270 4019
270 2196
270 4719
2972 1556
2972 4961
2972 1241
4292 3377
4292 4224
4292 1450
2338 976
2338 3306
2338 3308
2338 1894
2338 173
2338 1743
4251 4640
4251 298
4251 638
1427 1792
4582 861
4582 972
4582 1633
3295 4357
3295 4092
2610 758
2610 4323
3311 2683
3311 4130
3225 3808
3225 3101
3225 3598
631 1889
631 596
631 4608
631 1678
4474 3039
4474 4476
3467 1278
3467 2393
3104 4996
3104 663
3104 525
4734 2664
4734 4481
4734 542
2724 3606
2724 1504
2724 3221
1194 2390
1194 986
4225 1231
4724 1885
4724 4304
3488 2701
3488 2494
3783 4967
154 225
4013 3532
4013 48
4013 501
4013 4475
3759 900
3759 3829
3759 3129
3661 4085
3661 2161
3661 947
3661 3037
3661 3432
3661 3056
441 3813
441 1914
441 2722
1865 3886
1865 437
3589 3278
3589 2707
702 790
702 2100
263 367
263 2026
3345 1849
3345 3779
3345 2965
3345 4902
3345 2139
3760 785
3760 321
3760 4243
768 3988
768 4051
3124 1630
3124 175
3124 3134
2 4328
3591 4860
3591 312
3591 4372
4919 4048
2282 3469
2282 731
4121 3111
4121 994
4609 2336
4609 1170
4609 3479
3723 1941
3723 1764
3723 3942
3723 3403
2098 84
2098 4565
3476 2070
3476 1948
487 1352
487 1132
192 2693
192 2578
192 3143
192 828
130 2548
130 784
130 2474
4825 4308
4825 351
4825 2507
3721 4095
3721 1216
3721 2127
3721 1932
2869 1560
2869 2479
2869 2243
629 3137
4857 2005
625 4424
625 1872
625 120
625 2703
2882 1703
1999 3053
1999 2134
2281 170
666 3174
666 505
666 1471
3158 1995
3158 3722
3158 276
3158 3277
3158 878
1175 368
467 4749
4336 4333
4336 3097
4336 2813
4336 3510
4336 853
4547 2251
4547 3603
2463 473
2238 1989
2238 2929
2238 2415
1581 4
1581 1341
1581 4217
1581 4295
3492 4745
1184 762
2531 4332
2531 2803
4119 1073
4119 432
4687 1554
4687 4830
1273 2909
1273 4764
1273 4354
474 4487
3423 1389
3423 4364
3423 883
3638 2728
3493 2036
2601 3833
2601 1957
2601 3786
2601 1878
2601 1572
1575 2562
1575 4462
483 4586
483 801
483 2022
2172 286
2172 4363
2172 4398
3461 429
3461 2810
3461 999
2454 4111
2454 2649
2454 4022
3359 2692
3359 1448
3359 695
3808 4053
3808 3598
74 1974
74 2187
74 1641
2654 3559
2654 3691
2654 730
1302 4347
1302 1472
1302 4788
1302 216
4577 1045
1507 1774
1507 2052
4275 1943
4275 3712
4275 4267
4275 866
113 1632
113 837
113 50
3391 1384
3931 3439
3931 4704
597 4707
597 4051
856 590
856 3092
247 2643
247 4034
247 4491
3396 246
3396 1200
3396 528
3282 2582
3282 3463
3282 3152
3282 4946
3282 1482
1148 2373
1148 2621
1148 2563
1148 2218
1148 2374
1191 647
1191 2703
1191 4546
1191 2992
418 3714
418 4948
418 955
4985 4343
4985 4829
4108 4575
1992 1351
1992 4479
1992 4613
1992 93
1992 3928
1143 4271
1143 16
844 3525
4380 906
228 3570
228 3816
228 523
4873 695
4089 4584
4089 2061
4089 2143
1632 837
1632 50
378 834
3906 1663
3906 1673
3906 2402
1212 1665
1212 3001
1212 898
1212 1615
1405 2133
1405 2944
1931 1435
64 875
4931 2600
4931 3440
2618 3048
637 2148
4789 4006
4789 264
4496 4100
4496 3517
4496 2914
4496 1494
4456 29
4456 1118
4456 4204
2036 2165
2036 3976
2036 4497
2911 1085
2911 1312
1222 4820
1222 2186
1222 2343
4423 2945
4423 2896
4423 3316
3205 2561
430 2324
430 1336
243 2417
243 3806
929 1156
929 3213
929 254
929 936
500 1783
500 4820
500 2270
500 2343
2353 506
2353 627
1659 3088
1659 2184
1659 1003
1602 4645
1602 4653
1602 4427
1602 643
1758 3138
1758 2466
339 1154
3925 648
2553 3624
2553 4241
957 4691
957 3184
957 3577
957 237
957 1789
1445 3200
2294 2652
2294 2625
790 3977
790 1180
790 4515
2278 4937
4118 675
4118 4385
4118 3454
4118 2757
4877 1806
4877 518
1380 3815
1380 3110
1380 4224
1380 1450
3393 3324
3393 4227
908 1857
908 4537
908 961
61 4024
3007 71
2167 4915
338 767
338 1401
33 2097
392 831
392 4718
3620 82
3620 4912
3620 2227
1223 345
1223 1587
1223 4535
286 758
286 4323
737 701
737 4851
737 4127
737 521
3088 4817
3088 2184
3088 959
3088 1003
1092 2951
2400 4069
2400 300
2400 4685
429 2425
429 110
3153 4486
3153 2105
4843 1543
4843 54
4843 4502
1236 1385
1236 3952
1236 3919
1236 1395
2544 2206
2192 796
2192 1926
4285 3339
4285 628
4285 385
1334 2142
2381 1473
758 1883
758 3613
4763 2452
283 4962
283 1979
283 3265
283 4865
283 3312
283 4157
3174 505
3174 1471
1975 2619
1975 2504
1975 2345
1975 2635
1444 2559
1444 2241
1444 3471
1444 3400
3597 476
3597 4232
3597 1729
3597 2579
3547 3888
3547 4375
1691 268
1691 538
1691 3594
3473 1138
3473 2258
3473 1128
1270 168
1270 2475
2104 2598
1082 2458
1082 1441
1082 969
4936 3185
1827 4791
1827 1049
4640 2319
4640 1596
4640 638
2581 2149
2581 3740
2581 1869
2581 2478
1096 21
1096 1937
4264 3078
4264 1375
4264 2776
490 1069
490 983
490 514
490 571
490 3399
1594 4788
1594 216
1594 4587
3538 274
3538 1243
4643 1911
4643 3604
2614 4466
4138 622
4138 4947
4138 460
4333 541
4333 2813
4753 3498
388 458
388 3385
388 1354
388 3501
388 2960
4699 1837
4699 3556
4962 3217
4962 4440
4962 1979
4962 3265
4962 2082
4962 4361
4155 1595
4155 4402
419 4420
419 3247
1253 436
1253 3604
1253 808
115 1954
115 266
115 4341
115 251
681 2532
681 1426
681 749
681 3226
681 979
681 3572
2112 2958
2112 2439
2024 62
2024 3411
3606 3221
880 704
880 1973
880 63
1186 2235
3044 1886
3044 383
1326 2990
3894 2593
2182 2464
2182 1584
2182 4082
2182 2126
2182 1486
2030 1388
2030 4848
2030 3293
2030 4358
2030 319
476 4232
476 2579
476 3462
2587 1077
2587 3008
2587 4720
3578 3734
3578 294
4283 3060
4283 3724
4283 669
4283 400
4540 4722
4226 3005
503 1913
503 1888
503 94
503 2298
2095 203
2095 4042
3845 1060
3845 3528
1412 2603
2745 4911
1651 2433
97 1801
1340 2843
1562 516
1562 4872
1562 1480
1562 3769
1562 4795
1562 1679
3216 3827
3216 249
3216 2247
3216 827
129 1142
129 3025
129 2183
4123 4559
4123 1606
4123 4476
715 2008
1249 3296
4793 540
4793 4323
2676 4739
2676 2439
4754 965
4754 926
2430 582
2430 4978
1349 4887
1349 2549
2123 2020
2123 4058
2692 131
2692 2106
2692 4647
4615 579
4615 3803
4615 1026
4615 3197
761 1808
4983 3130
4983 3434
4983 1099
4983 2698
2811 4445
3303 2841
3303 2842
3836 3936
3836 633
3836 3147
3836 1366
4605 1599
4605 3363
4605 1583
4605 3731
4605 272
2624 91
2624 4990
2708 1745
2708 3699
2708 3234
2047 923
2047 2120
31 2175
1644 3320
1644 4992
230 307
723 2775
723 4193
1376 1891
1376 1367
3130 3434
3130 2204
4 600
4 1341
4298 369
579 3803
1692 3852
1692 242
1692 3897
1008 1614
595 3486
595 4741
595 106
2567 4548
2567 787
4667 750
4667 1840
4667 4346
4667 3038
3430 3546
3430 4620
3430 30
3430 2226
4760 4207
4760 2092
4760 553
719 2040
719 4567
719 2887
3977 1180
3977 1133
3977 4823
1263 4519
1263 334
3141 1559
3141 2613
3141 1686
3141 4236
4701 515
4701 2370
4701 4241
3305 1885
3305 4200
3305 3869
3305 4304
2693 3143
2693 3494
3486 4741
3486 106
4769 3028
4769 2537
4769 865
4769 1552
4460 4348
1245 4165
492 4698
405 1633
1864 3364
1864 3727
1864 4844
1864 1860
1864 544
451 2898
451 324
1812 3749
1812 4387
1812 1189
3776 2620
3776 1085
3776 4099
4815 2164
830 1300
830 2807
4368 2575
1209 1460
1209 2904
3918 3626
3918 3213
3918 3519
3918 1488
3918 936
3918 3882
1298 4705
1298 918
1298 1727
3336 4161
3336 1224
3336 4351
3913 314
3913 1910
2079 1947
2079 2555
2079 3460
2527 469
2527 1145
2527 4206
1895 2418
1895 585
2806 204
2806 4216
1378 3015
1378 2053
1378 191
1523 1260
1523 3951
1061 1538
416 86
4018 161
2799 3937
2799 4126
4735 4183
4735 2321
4735 4008
2620 4099
2620 415
4775 4105
1000 1712
1000 2472
2753 3165
1618 1415
1903 457
1903 2586
4390 267
4390 1259
4390 853
870 3875
2149 3901
2149 3046
2149 211
2149 592
2149 2383
2582 3152
895 351
190 209
190 19
190 2981
190 1953
798 3654
798 79
1120 4758
1120 1784
4868 674
3692 443
3692 2689
118 1639
118 2000
118 2912
4342 408
4342 594
4342 4344
34 3380
34 1755
34 311
34 4482
71 4723
3053 4689
3053 3414
315 1925
2540 2314
2540 921
2025 150
1941 4994
1941 616
1941 928
1941 4875
3714 4948
3714 4682
3714 955
3388 722
3388 1736
1040 3695
1040 2317
4162 2508
4162 193
4162 379
2256 1560
2256 2243
3926 3355
4142 1330
4142 2608
674 1980
674 3436
2585 1509
2585 4785
1144 1840
4412 99
4412 4467
4412 2611
127 4721
127 4110
2222 1065
2222 1486
2222 4367
651 235
2464 1486
2464 4367
2464 589
2464 1675
1943 1025
1943 202
2354 330
1560 2243
2288 1357
2288 3795
2288 878
3702 942
3080 537
3080 2240
2385 3812
2385 4371
2385 2283
2385 1799
710 2735
710 218
710 4272
1823 3159
1823 4334
1177 3643
1177 3831
1177 2622
1177 1135
1905 995
4924 443
4924 1828
4924 4414
2578 4106
2578 828
2578 3133
4122 1161
2229 2905
2229 3219
2229 66
2229 3518
4866 2564
1352 1132
147 1133
147 4823
1235 1689
1235 2863
1012 3281
2093 4700
2093 1368
1372 1506
1372 2132
2565 1126
295 3290
2091 2346
4501 1679
4501 3076
2387 3203
4388 823
1075 2409
1075 836
1075 1631
3643 2462
3643 3810
3643 2622
4897 4215
4897 2580
4897 1820
3120 3395
3120 851
3120 333
3120 2948
3120 1001
105 1151
105 3443
1974 3328
1400 29
1400 3621
1400 603
1400 3072
1400 4204
3252 572
363 4028
992 1160
992 3275
992 2399
992 1051
4001 3711
4001 2635
526 3256
4943 139
4943 2456
4943 2453
408 594
408 4344
652 1537
4972 1281
4011 2639
4011 1033
4011 3373
4572 3908
2584 3477
2584 983
2905 4307
2905 3294
1102 1417
1102 3413
1102 349
1102 1878
4808 3928
4808 3370
2071 3444
2071 1491
2918 1969
2918 205
2918 4279
644 1831
644 4073
3604 808
1447 4244
1447 4188
3395 4448
3395 1265
3395 2948
3395 2788
4645 4653
1478 3374
1478 2320
1478 3595
1478 4443
3936 4319
3936 1366
4076 341
4076 1308
4076 1381
4076 1862
3135 984
3546 30
3546 2226
1654 3720
1654 489
1654 414
1654 49
1654 4331
1434 1816
1434 2503
1434 68
3114 608
3114 898
3114 1615
4254 3144
4254 4150
1612 4194
516 262
4536 4276
4536 1267
3117 2268
3408 233
3917 1111
3917 833
3917 3034
3917 27
3917 2038
3217 4361
3217 3312
4578 1432
4578 194
4578 2505
3155 1822
3155 4173
4095 1216
4095 1986
975 1898
975 4636
975 4549
4799 1110
4799 4779
4799 1446
1423 3508
2847 1850
4691 4802
779 4527
168 2475
1874 691
1874 143
3610 639
1505 566
1505 4066
3859 1538
934 2674
1877 2637
4494 3904
4148 2818
4148 3892
4148 1951
177 2864
177 1909
2473 2874
2473 3322
2323 4091
2323 1548
2323 3014
4941 2550
4941 1657
4232 2579
4232 3462
4129 1466
2818 3892
2782 4528
2782 2767
60 3198
2516 3309
2516 2249
2516 1771
469 1145
469 4206
2409 4929
2409 206
2409 155
2409 4401
4574 497
4574 2386
4574 3000
4574 960
3961 4784
3961 4184
3961 1055
4522 2460
4522 1834
4444 2832
1009 3332
1009 4519
4247 3629
4247 3639
3720 414
3201 4238
3201 2883
2841 2842
3561 623
1839 2656
1839 598
3377 2244
1610 1406
2656 2556
1299 2367
1299 1084
2993 2518
2993 3887
2993 2763
2993 248
2993 2649
1536 2826
1536 4470
1536 818
371 4352
3712 1095
1559 1686
1559 4236
1980 3436
1345 1842
1345 1467
952 832
660 1046
660 841
660 4655
660 3470
2118 454
2211 2297
2211 4922
4761 4809
4761 2855
1453 2665
1324 670
1324 2102
704 1973
704 642
704 63
52 1198
52 627
2590 1310
2590 2725
2590 1024
3787 3541
1729 3128
1729 2812
1729 574
4953 4683
4953 3728
4953 1971
1357 878
1119 1591
4773 203
4773 4892
4773 2012
3369 4273
1277 3285
3184 2612
3184 4802
3184 1124
3184 396
3184 3283
3284 3753
3284 581
3284 3864
3028 2537
1607 2065
1607 4954
3794 744
2488 4043
4584 4166
4584 1977
4584 4426
3292 1531
2511 2862
2007 1897
4067 417
4067 2697
4067 1959
3138 2466
3663 1802
4019 2196
3049 3047
3706 506
3706 4320
3706 1982
1599 612
1599 4751
1927 3288
1927 4593
4117 746
4117 1328
1782 1390
2518 477
2518 4111
2518 248
4312 2296
4312 4755
4312 1663
4312 1673
4628 2773
4628 4078
4628 3381
4628 2245
126 2423
3965 26
2193 1160
2193 3318
3553 107
1216 1986
686 3960
686 4997
686 187
686 69
3954 2798
3954 2785
3954 1816
3954 68
3219 66
3219 3518
3219 717
4362 4472
4362 1757
1754 4317
1754 1650
1754 3866
2152 2334
2152 724
2735 3811
2735 4272
3069 2839
3069 3685
3069 3552
410 1940
4192 3322
23 1984
23 260
23 523
2442 377
4302 4749
2996 1858
3483 3122
3483 1910
1504 3221
4518 695
1134 850
1134 1664
1046 1178
1046 3470
3466 3988
3466 2432
1998 4281
3437 3309
1783 2044
832 2890
2589 3989
2589 3379
2589 1896
2589 4989
1529 4025
1529 4859
3487 3490
3964 1338
3964 4715
2324 1336
2462 3810
2462 2622
4860 1561
4447 2061
4447 4230
670 2102
1178 4655
4005 1492
3662 2976
917 712
917 2846
917 1776
3823 4648
3374 2320
3374 4443
4738 679
458 3385
458 1354
87 1908
2376 1524
2376 2907
2376 3817
2376 3878
2376 982
1426 749
1426 3226
1426 979
4622 2775
3452 2506
391 1072
391 4202
3852 3607
4215 2580
3989 4356
3989 3379
3989 1896
3989 4989
2264 3780
2264 3534
2264 3019
2264 1571
821 3532
821 4542
2451 4052
2451 3095
4900 2060
4900 2738
4900 4392
2917 1107
2917 2809
2917 3424
2367 1084
1619 2541
1619 815
1619 272
4441 2633
4441 2393
4441 2546
2991 15
2991 1428
888 1449
3489 4984
3489 3167
3489 586
1348 3367
497 3000
2279 2962
3901 3046
3901 4310
3901 211
3245 2721
3245 860
404 4917
404 153
404 1338
404 4715
404 1645
4213 48
4213 227
4213 2188
4213 1835
4689 3414
4790 101
1546 1817
1546 2388
1546 4538
2257 4094
4881 4888
4881 4204
1942 1557
1942 1100
4258 4982
4258 921
3755 4505
3755 2768
183 1422
183 2213
3730 4147
3730 1844
3186 372
891 2896
891 4999
891 3316
980 1628
4694 4513
4694 1067
3641 3417
3641 1398
632 3886
632 437
2699 4625
3327 41
3327 4410
3327 773
1698 409
1698 462
1957 4551
1957 1572
602 2651
602 1205
602 3567
4420 628
4420 3247
4255 897
4255 1122
4255 4854
2373 2621
2373 2218
3274 858
4743 3136
4743 2427
4743 1325
4743 1578
4743 4000
2089 3673
2089 4128
2089 4429
4405 2144
4405 1109
2548 784
2548 2474
4712 1495
819 3026
4350 2224
4350 3728
4350 1971
4350 4047
656 2116
656 4353
3542 3426
3542 1010
3542 4315
3542 4839
3542 2068
3469 731
1954 3002
1954 251
1954 1272
1745 112
1745 2522
1422 2213
3855 3387
4407 4800
4407 311
3887 2763
1984 3362
62 3103
62 3398
62 3411
3780 1882
3780 1571
1151 3443
3329 1097
3329 2265
1246 455
1246 3540
1246 56
82 4912
3573 2035
4976 577
4976 3052
1072 4202
39 2550
39 2682
39 829
2296 1663
2296 3563
2296 240
1902 3766
4596 997
2550 2936
967 1930
967 215
3444 1491
3444 2854
3406 4052
3406 3095
345 816
345 4535
345 1004
223 3795
223 276
223 4010
3976 2600
2733 4679
1491 2854
668 901
668 1078
1590 3609
1590 4852
2796 662
4770 1944
4770 329
1989 3442
1989 568
1989 1228
1989 2287
3236 3657
3236 3050
3236 2809
4739 2958
4829 2667
4829 933
4829 4958
789 1593
789 3956
789 1740
789 910
789 73
2114 884
2114 1332
606 3559
606 3691
606 730
1593 3956
1593 910
1593 73
4052 3095
291 2208
291 711
291 1048
4085 3056
3765 694
3765 468
3765 1139
3765 1955
3765 4454
4060 2020
4060 4058
4862 1969
4862 3085
4862 205
763 323
796 1926
796 1961
4975 4465
4975 1219
4975 2447
515 2370
409 462
409 2794
409 3267
409 3458
409 3187
1417 913
1417 349
1924 304
1924 2180
4199 3215
4917 153
4917 1338
1944 1393
3159 4334
4679 2181
4679 3593
3585 1660
2658 3054
2658 182
4472 1757
740 3870
4914 4556
4914 851
4914 2788
2720 1854
4391 2159
4391 4905
1849 4902
446 67
4017 2604
4369 4256
3500 3867
3500 1305
3500 2173
3718 387
3831 1135
3579 3078
3402 3975
1388 4848
1388 3293
1388 4358
1976 2335
1331 793
1493 4673
4144 142
4144 3427
1973 642
253 1978
253 4032
253 1318
253 3182
253 1430
253 3967
253 2096
3940 2946
3940 172
3940 1256
2945 2234
2945 1018
2945 4999
2945 3316
900 3584
2758 3850
2758 4935
1831 3677
1831 3757
1831 3269
3799 2326
4637 839
4637 2840
722 1736
3614 2077
3614 2051
3068 297
3068 2420
3068 3009
4945 1780
4945 13
2312 4774
2312 2448
4308 701
4308 2033
1706 2322
1706 4811
1706 1793
1706 1777
1280 1031
1280 59
2613 683
1592 4488
1592 46
647 658
647 2992
2101 3699
2403 4517
2403 3557
2403 4928
2403 3990
2334 1202
2334 724
3740 2681
3740 2478
3740 4176
3740 2383
2416 3533
1059 765
2543 2721
2543 860
2864 2158
2864 1909
4994 928
470 744
2650 3286
2650 3652
2650 1761
2650 529
1627 4489
1627 4404
1627 4197
2086 4376
2086 4257
3015 2053
4951 4690
4951 1697
3581 3196
3581 2468
3581 3568
4432 3646
4432 2711
4432 948
4143 3559
4143 4903
4143 3691
1360 2808
1360 4757
973 3468
973 1382
973 4171
1278 2546
3136 2460
84 4565
84 3368
3797 1956
3797 3456
3797 1335
1885 256
1885 3869
1885 4304
417 1959
443 4212
443 4414
375 1814
375 739
375 867
3874 1791
617 868
617 4685
4961 3521
4961 3346
477 248
1271 3860
3795 1995
3795 276
3795 4010
748 996
3674 275
3674 3121
3674 545
3674 3229
2690 3854
2690 754
3844 3738
3844 1109
3844 968
3286 1386
3286 3652
3286 3140
4417 4335
232 738
232 4022
3123 4707
3123 1355
3123 4580
2289 3671
2289 3979
2127 1932
464 2418
464 3089
464 585
4840 3119
3125 3371
4848 319
3532 4973
3532 1835
3532 501
896 1620
896 2814
2077 2051
3291 3375
630 1679
630 3076
4633 2284
4633 3763
738 4022
4267 4748
4267 1218
1264 9
907 2274
3867 2982
498 1792
4091 4372
76 1524
2636 1192
2340 688
2340 4057
1230 1123
1230 539
1230 3861
998 3
998 1290
4191 1568
2651 3567
2207 3098
1160 3318
1160 2399
1160 1051
4321 939
4321 3335
4321 2998
884 772
2759 1770
2959 1232
2959 4248
4396 4102
4396 4661
1404 4970
1404 2937
4403 2784
4403 2395
4340 1717
2678 4805
3813 2722
92 3209
2135 3501
4376 4257
2427 1834
197 3348
3727 1179
3956 73
3956 536
3932 3204
3932 3055
3932 2228
2634 2266
1601 2495
1601 3354
1601 4827
2099 1174
2099 4812
4345 176
2695 1789
578 3041
578 4562
578 250
578 1496
578 3618
4758 1784
4569 13
99 4467
99 2611
608 1665
608 3001
608 1615
897 4854
1258 4481
1258 485
145 2875
153 1338
3984 4221
3984 1036
3984 1549
4277 3177
3590 2365
3590 3344
3590 1966
3590 4849
2691 2421
1879 2059
121 1726
2457 1875
4489 4404
4489 4197
3980 1083
3980 2026
4940 3937
4940 2235
4940 4126
4940 1960
3815 3110
3083 3237
3083 89
3426 313
3426 1010
2168 3050
770 4970
2935 4113
3010 3891
3459 4237
3459 1987
3459 2895
3560 977
3560 4708
3560 306
393 1047
393 4036
1780 1628
57 4039
57 4049
2643 1997
2643 4034
1313 2558
1313 1589
1313 956
1313 4399
1947 2555
1947 3460
4440 4210
4440 1979
750 3038
2208 711
2208 1048
3226 979
4544 1790
4544 1203
4544 449
2413 181
2413 4168
1616 2082
1616 4157
4681 2292
4681 4837
4681 2080
4681 1664
4238 2883
3689 732
4103 914
3551 2685
899 2445
899 2931
2159 4905
1013 4995
4210 1979
4210 2824
275 4855
275 3121
275 3433
558 1576
558 3313
4683 2224
4683 3728
4683 4916
1204 1039
1204 1904
1204 3131
3478 148
3478 3814
3478 2790
257 941
506 4320
506 1982
3263 1107
3263 2943
3263 530
3263 2809
4623 438
1039 3131
3626 1156
3626 3213
3626 1608
3626 936
3626 993
3626 3882
3046 3310
2103 2723
3997 4508
3997 1518
3997 4555
3362 2956
3362 523
3362 1283
593 2255
4762 4549
1145 4206
3947 2115
3275 1098
3244 1217
3742 3994
3742 3365
3273 4616
3273 440
4140 1702
4154 1881
4154 4102
4366 4981
4366 4545
4366 1164
3557 3902
4221 4411
4221 1036
4221 1549
1740 73
1740 536
3927 4557
3927 463
3927 195
3927 693
3927 4781
785 321
785 4243
4556 851
4556 4448
4556 2364
4556 2788
3021 41
360 4784
360 2930
1015 29
1015 603
1015 3072
455 3540
4031 1113
4031 4603
3654 79
357 3744
735 4713
3736 3439
3736 4704
1907 3741
1907 2829
1907 3040
2065 354
2065 4954
1956 2752
1956 4965
1956 2547
4913 1159
4913 3993
4913 2922
548 4524
3031 1117
3031 4521
3991 331
2322 3456
2322 4965
2322 4252
2866 439
2866 2617
2866 520
2566 3319
2566 4766
1288 1844
3289 3750
3289 4803
894 2885
894 3849
4876 3109
4876 950
4876 3407
3946 1906
3946 1024
2456 2453
3937 2235
1557 1100
1781 4253
1798 3073
709 3966
3530 1479
4493 3029
4493 4581
4493 32
489 49
1548 3014
4557 4781
3106 3421
3106 210
3106 4807
4711 4263
4711 1063
3559 730
720 563
1461 224
1461 2533
1461 3920
3378 1112
3960 4997
3960 69
1121 3876
103 4834
103 2145
3410 1387
3410 2041
3410 868
1665 3001
1665 898
1665 1615
274 1243
1855 3254
1855 1206
1855 2831
1855 4987
1967 4475
1967 4139
208 466
3318 2399
3318 1051
3988 2432
1369 3734
1369 3575
1369 431
3254 1707
1755 4800
2251 3603
811 3344
4652 1108
568 2287
568 4692
1111 2231
1111 3034
1111 27
1111 2038
1111 3903
4566 3485
4566 4077
4695 132
4695 3812
4695 2283
2085 809
2004 1161
3534 835
2633 317
4289 4357
4318 2747
4194 3016
4792 2619
4792 2504
4792 1637
4792 2345
4792 2230
4802 569
4802 2169
1872 120
1853 1948
546 2910
546 1173
439 520
439 3862
3482 3766
3482 510
3482 1106
4772 4296
4772 1344
2246 1542
2246 237
831 1370
831 4718
2738 4455
2738 2155
1913 94
1913 2298
2773 4078
290 4889
4490 122
4183 4008
3673 4128
4688 399
4688 2412
4688 3793
4688 4461
4073 1856
4073 75
3619 1174
3619 4812
313 4839
220 2212
4437 3504
4437 4152
739 867
148 3814
148 2790
3665 684
3665 4728
3665 2838
3959 2139
3959 3401
588 2823
708 2042
2896 1018
4039 4049
3741 2829
3194 649
3194 926
1107 2809
4820 2903
1353 2515
1353 3272
1721 1938
3583 4145
659 508
659 3333
3319 4766
2166 2523
4411 1036
3646 2711
3646 948
2816 4410
2816 2260
4393 1826
2209 714
2209 4373
2209 930
945 3777
945 3771
4481 485
4481 1021
4851 521
344 1699
344 1454
4286 833
4286 3259
4286 3903
43 511
1718 1520
1718 95
2526 3724
2526 4182
2526 669
2526 400
4612 2878
4612 1058
4612 2237
1860 4925
203 4892
2224 3728
2224 4916
1585 4729
1760 140
1534 555
4616 4908
689 3020
689 4516
185 1187
185 1609
1857 4537
2203 2171
1301 4270
1301 1233
3754 4004
3754 2504
3754 2230
4266 4923
4266 3297
839 2840
1769 1640
1769 4747
1995 276
1995 3277
570 3177
570 4727
297 2395
4488 46
2479 2243
411 4469
1019 4422
2510 3067
2510 4337
468 1684
468 1955
2748 2122
2748 963
3550 3895
4070 1598
2143 1339
2143 1977
2143 4426
2234 4999
3848 857
29 3621
2919 2672
1060 3528
4465 1219
2411 3440
2411 4482
4086 376
1456 4038
358 4721
358 619
358 4492
296 2681
296 592
4562 3618
2414 3271
502 4261
3152 4597
3152 882
3341 4045
3341 2616
3103 3411
3657 3050
2984 2889
2984 265
2921 95
1441 2679
2932 2199
2932 783
2319 1596
2319 638
1131 4439
1131 3357
1131 1093
146 3446
146 2781
4507 1020
4507 2770
4507 109
4670 4996
4670 3220
407 4836
3081 2514
3081 2055
2536 4217
2190 136
1801 544
4947 460
1386 529
664 1652
664 3881
664 2710
1667 273
4356 1896
3417 1398
3417 2786
820 2352
820 4132
2743 4263
2743 1063
2161 947
4715 1645
5 2750
2248 918
3884 3841
4025 2645
1010 4839
1010 2068
4147 3181
4147 2301
4938 1005
4938 2588
4938 2940
1262 2220
1262 4158
2031 2305
2031 935
2031 4750
4322 303
4224 1450
1749 2662
4564 2920
4564 4505
1524 1064
1524 771
1524 982
3256 2640
3256 3713
3256 3929
200 3982
4864 564
4864 3403
816 4535
2292 2080
2292 4627
4895 1545
4895 4571
4895 11
3592 4767
3592 4037
2595 341
2595 1308
21 1937
2749 1511
2749 1870
1325 1578
1077 3008
1047 4036
3707 3679
1573 1519
175 3134
175 584
4588 3586
2647 3950
4004 2230
1480 258
1480 4795
1480 1867
1480 4573
1480 4425
224 3920
164 2766
1370 4718
131 2106
131 4647
4310 211
2850 2170
2850 2280
841 2391
841 2014
80 1753
80 165
80 753
80 4677
80 3022
4934 2646
1978 1430
1978 2865
1978 3246
1978 1660
1978 2096
1978 1565
1985 1966
1250 4668
1250 2700
1250 2971
3228 3922
3228 261
3228 607
1639 2912
1639 1050
4737 4056
851 2788
3972 4532
3446 2781
1764 2934
1764 4875
462 2794
462 3458
462 3187
1142 3025
1142 2183
1547 2717
1547 1242
1547 3084
4809 3027
4809 2855
1850 1983
2063 3211
3265 4157
3105 1479
3105 1994
2665 3737
2557 549
1649 4898
1671 1473
3006 3860
3006 1237
3671 3979
4601 2424
1892 475
2640 3713
2640 3929
2640 4867
4756 399
4756 2412
3789 4662
1848 1185
1848 4327
2964 1206
2964 4987
3172 2496
3172 1079
3518 2876
1586 152
1586 2356
1586 2501
4855 3121
4855 3229
4174 2177
4174 589
4237 2895
1174 397
1174 4812
3688 3771
2994 260
4034 2276
4858 3504
4858 2290
434 3413
3192 91
3192 4990
1779 2495
1779 3354
1779 3716
1779 3784
2305 225
2305 4568
1275 355
1275 3576
3609 4852
3846 3835
2316 4429
321 4243
4270 1233
3753 581
167 3204
167 2228
167 1693
4026 2368
4026 3768
4026 3231
2752 4965
2752 4252
1103 3897
316 1292
316 1847
316 3527
1159 2922
1228 2287
4392 1514
848 1777
4774 2448
4910 614
1166 3821
1166 1732
3134 4697
2977 3189
1005 2588
3810 2622
1900 4827
2370 3615
838 4195
838 2084
838 4906
838 4007
399 2412
399 3793
4527 2802
822 401
3734 294
4195 1797
4195 2084
4195 4906
2701 2494
2701 480
1329 2849
3562 3290
4084 3092
4548 787
913 4551
913 1553
913 1572
913 1023
2041 4685
2390 3767
2390 986
1951 4552
252 1555
4313 873
4313 3242
4313 1768
1110 4779
1110 1446
3195 916
3195 3669
3195 2966
102 246
102 4593
102 840
102 236
2097 556
2097 2825
2097 70
2909 4354
733 981
1893 4135
1972 1746
1307 776
4053 3598
2198 3502
2198 1666
2198 2877
1232 3605
6 4427
4284 2329
4284 1197
4284 2961
4801 4136
4801 791
3905 2961
3905 849
4725 2907
4725 1413
2481 1634
1510 3752
1510 4311
1083 2026
1165 4611
2392 374
2392 633
3204 4638
1168 3660
1168 3431
1168 925
4212 4414
1424 448
1424 4395
4996 3220
4759 1464
1402 3580
1402 3334
4928 3902
4928 3990
4928 3877
1363 2944
3320 4992
1097 2265
2231 833
3356 3645
3356 3684
1792 2389
640 4684
640 1917
250 1496
3869 4304
3828 2398
3828 2028
4365 2835
3622 944
1794 4503
1794 3923
1101 804
2144 1741
3515 4442
1991 2431
775 4542
775 2627
3519 1475
3519 3882
772 1332
3777 3771
3148 4740
3148 1730
30 2226
532 4235
532 1807
4817 959
2357 2436
2357 2924
2357 3003
151 362
151 428
1797 4906
1658 4550
1658 300
590 1226
4421 379
246 4593
246 840
3121 3229
2619 1637
3037 3860
3037 1237
1526 1469
4565 3368
4816 1374
157 3509
157 1964
1774 2052
4837 2080
4450 159
3468 1382
3468 166
2771 3023
2771 3770
3097 2849
463 3659
463 693
4032 2865
4032 3246
4032 2434
3504 2290
3504 4152
1554 1775
1554 3175
1224 4351
2860 3981
4296 1344
3807 2108
4948 955
4175 943
4175 1752
1252 753
1252 4677
1252 3022
1489 137
1489 4675
1489 1513
1856 75
3089 585
1883 4777
2365 1966
2365 4849
2668 1193
2668 1699
2668 1725
3827 249
3827 4023
4078 158
2308 1081
2032 846
1140 2328
1140 2586
2420 4050
2845 2978
1541 1022
829 2936
2798 2785
2798 2503
3948 2341
2642 1041
4749 2685
3749 4387
2329 1197
2329 2626
1124 3169
3788 3248
3788 3636
552 4040
2689 997
2755 336
4141 2704
1738 2441
1460 2904
2629 680
2629 204
2629 4477
1138 2258
2794 3458
2058 4642
964 3686
3738 968
2907 1413
2907 3878
1448 2106
1448 4647
2000 2912
3786 3261
3786 4151
2617 2137
577 4646
577 3052
584 1176
584 4697
4508 4555
2562 3639
365 36
3115 1128
2545 2153
3177 4727
1475 1608
1475 3882
4903 3691
2320 4443
3775 4145
241 479
3503 3208
3503 36
314 1910
137 4675
137 1513
2878 2237
2436 2924
2436 3003
1206 4987
3687 2793
3577 893
3577 3283
258 4795
258 1867
258 4573
4165 3262
2810 999
1640 4747
2982 1305
2982 2173
4597 882
2241 3471
2241 3400
4646 3052
1157 210
1157 4807
734 3090
734 528
2412 3793
4997 69
4559 4476
1133 4823
207 610
1772 4930
743 4717
2515 3272
538 3594
2576 3243
1139 1684
1139 4454
3004 427
1787 488
1787 4757
837 50
619 4110
1094 1936
4650 4971
2307 4604
2270 2186
2270 2343
688 318
4767 4037
4767 395
4767 1115
1670 4904
1670 4498
3455 1408
2368 2221
1239 212
1239 2942
596 923
596 2120
4608 923
1589 956
1589 892
1589 4399
611 2990
728 1673
836 1631
1439 4621
1073 432
4037 1115
1790 1716
1790 449
2703 4546
1457 1318
1457 3710
1457 1201
90 963
4707 1355
4707 3842
4002 3302
3588 754
3812 2283
814 2777
2154 2791
2154 2696
2371 2153
1511 1870
2805 245
4363 4398
1650 3866
233 1528
2579 3462
3298 1919
3298 1429
1382 166
1389 883
1479 1994
4736 4216
4736 2881
349 1878
2839 3685
852 3323
212 2942
4406 706
2119 2056
1318 2560
1318 4939
3029 32
2188 1835
1321 3726
1321 1362
4898 1660
4898 1565
4811 1335
4811 3164
397 601
397 4812
1509 4785
1509 198
4752 4567
3162 3635
2029 4453
4222 2746
2495 3354
2495 3716
4182 669
3667 2269
1020 1600
1020 2770
1020 109
3752 4311
976 1894
833 3259
2397 3933
4045 1477
2970 2653
2327 3911
4779 1446
2995 4193
4680 96
3054 182
4250 4918
4250 326
1606 4476
1928 1130
4259 72
2300 1713
2228 1693
1993 2628
2126 589
956 4399
2483 2844
1335 3164
4287 3269
3475 859
3475 178
4306 2129
4306 1540
514 571
1744 2138
2928 1071
1535 2129
1535 1540
4126 1960
4819 3973
706 2954
2808 125
2336 1087
2336 3479
114 2468
114 3568
2946 172
2946 1256
712 1776
2379 1945
152 2356
4271 16
1863 927
1863 2194
1863 111
2858 3678
2858 4433
4106 828
3791 2895
564 3403
1123 539
4513 697
3208 36
531 1306
531 3958
141 2219
141 2500
2702 65
2729 1167
266 1272
1696 219
1696 2950
3739 3308
3739 173
1652 3881
4794 45
4830 1775
4830 3175
1712 3858
1712 2472
4295 4780
2717 1242
2717 3084
1922 691
1922 143
1486 4367
2943 530
4659 2834
4659 447
4659 2530
4984 586
4788 4587
1052 4950
1841 2490
916 4678
249 4023
249 827
4373 930
2795 4301
448 4395
1520 95
1686 4236
4784 2930
172 1256
3023 3770
1117 4521
4328 2583
352 3839
4137 2450
4137 3885
1963 231
94 2298
49 4331
4878 1167
4783 3094
4307 3294
886 2663
2129 1540
2129 3655
784 2474
1891 1367
1198 627
1305 2173
4273 2073
4485 4750
4485 3792
4180 3251
620 1971
225 4568
2666 3711
2666 2635
1136 3847
3323 3544
3471 3400
261 4131
4382 2725
3019 4436
2920 4505
350 4104
2496 1079
1173 2979
1173 4475
1091 10
1242 3084
2812 574
2813 3510
4777 876
1719 4041
1719 773
3854 754
2151 3100
1870 1563
2941 2291
1506 2132
1006 239
155 3582
155 4401
171 3952
171 3919
171 1395
4764 4853
1660 1565
150 2879
2107 2638
4184 1055
1684 1955
1684 4454
2560 4939
2092 553
1600 109
1753 4677
4479 3928
759 2391
3218 3628
3218 4635
4700 960
4700 1368
210 4807
4771 3382
4771 3283
3521 3346
3317 3814
2857 727
4467 2611
843 1251
3785 219
1203 1716
3990 3877
209 19
209 2981
2236 3058
1215 19
662 1804
2961 849
3711 2635
3293 951
3293 4358
2249 1771
4438 1778
3929 4867
2332 435
3147 3223
3147 1604
3147 1576
3147 3313
4448 2364
3465 272
3858 2472
3440 4482
4630 4150
3193 3098
3563 240
4795 1867
4795 4573
1965 2957
951 4358
2494 480
4538 2953
2780 2428
1300 2807
4571 11
985 1295
2328 2586
4176 2383
3239 4835
1867 4573
3621 3072
4631 2272
792 1090
4439 3357
1118 4850
3062 3438
3575 431
4069 300
4069 869
412 1463
2179 1653
1583 2541
1583 815
219 2950
1482 3693
2892 2005
4930 2377
962 3893
3821 1732
2311 3014
4029 3943
2577 1027
1919 1429
2284 3763
2836 58
1837 3556
4541 2519
4950 2049
4550 300
4550 869
4276 4822
4276 1267
91 4990
2700 2971
859 178
1470 3082
1470 2299
4723 2057
1399 3399
267 1259
2295 4015
3726 1362
4636 2870
1553 1572
4081 2891
3276 3921
873 3242
2534 2672
1641 1333
104 1866
4579 3999
2484 1147
1413 3878
1773 123
927 111
4993 4156
3677 3757
304 2180
1185 4327
4974 2528
218 1680
343 4007
3499 2635
4918 326
1816 68
4655 3470
440 4409
440 4279
3669 2966
3669 2772
1775 3175
3919 1395
3502 2877
1371 646
4656 3247
1737 1394
3764 3628
3678 3296
2986 2604
413 3098
222 1577
222 2923
222 1508
1087 3479
971 2001
1550 1187
1283 1981
2893 1364
327 4627
327 1664
4627 1664
4470 818
2106 4647
3399 1681
1604 1366
1604 1576
1604 3313
4023 827
4409 4279
1577 2923
4982 921
56 3524
2194 3146
639 3861
2853 3612
53 2372
4462 4904
1620 2814
965 926
4455 2155
4216 2881
2356 2501
3087 1343
2834 2530
1955 4454
447 2530
3422 3968
