1000 1000
687 310
310 343
687 747
343 653
653 349
310 367
349 153
343 638
349 898
349 321
343 740
653 245
245 944
367 991
898 647
310 786
653 328
153 391
321 463
245 772
343 272
747 835
653 316
367 874
391 8
153 805
647 473
272 978
944 665
898 403
747 960
687 635
978 156
898 447
960 40
391 671
671 851
944 152
8 925
835 470
740 553
635 472
403 373
367 893
851 678
740 507
851 320
991 953
740 895
470 199
740 347
343 799
403 284
367 198
799 583
991 763
874 197
895 940
373 45
991 667
153 318
343 47
316 104
104 296
40 96
391 443
678 531
898 171
463 382
665 71
347 894
284 164
473 733
310 252
895 293
171 652
944 190
403 905
893 887
164 741
733 568
991 73
944 774
887 273
678 402
171 985
104 208
403 897
252 694
553 464
568 797
638 485
367 478
740 524
733 435
960 117
786 664
73 839
895 465
464 291
905 17
343 522
531 616
953 432
321 362
156 433
472 813
104 179
40 222
208 999
190 676
694 590
320 562
531 372
273 59
153 1000
647 685
799 359
316 35
905 303
478 424
835 363
985 496
925 623
485 356
522 560
897 119
898 541
839 720
740 829
284 753
343 188
310 534
562 545
740 415
522 233
171 167
940 268
373 237
208 775
321 781
829 529
349 353
359 215
245 572
362 70
465 426
572 882
402 466
73 945
985 88
17 691
473 136
321 504
447 916
835 549
945 808
772 36
572 183
851 881
96 982
136 611
678 32
179 368
529 543
529 987
463 234
786 633
553 202
356 860
347 9
881 662
741 913
653 281
367 532
424 791
895 570
197 615
252 105
70 60
367 628
774 311
945 146
775 535
940 769
894 277
678 683
781 563
895 275
153 975
894 910
464 949
197 326
32 224
562 838
284 439
167 422
772 76
117 489
945 239
119 578
353 673
215 196
439 132
197 131
913 229
945 140
252 657
293 609
88 605
296 162
982 717
1000 690
772 850
234 721
838 251
808 445
197 274
850 313
850 346
9 427
662 607
652 934
657 581
349 344
531 99
190 186
781 766
667 646
190 924
224 509
894 28
427 589
616 219
611 689
99 330
373 723
119 911
435 947
791 369
774 12
940 116
17 497
237 454
167 479
851 408
687 579
310 444
372 817
47 226
140 655
367 332
1000 684
356 438
60 896
953 580
609 374
318 184
860 159
774 516
678 241
320 875
164 636
454 834
346 469
839 174
805 6
470 380
272 750
545 793
179 48
799 859
839 748
233 335
96 849
313 602
534 50
839 980
805 974
875 397
219 81
445 749
296 645
635 358
944 863
368 85
623 499
611 421
717 588
887 89
769 510
346 700
239 686
372 697
834 546
717 25
186 287
504 333
116 481
85 738
89 824
85 381
543 734
999 65
496 414
224 336
463 843
174 160
186 455
402 232
791 155
373 200
562 453
740 456
797 574
733 815
497 594
509 948
924 20
781 848
174 996
105 295
685 398
636 787
99 312
881 984
905 109
638 341
200 393
611 595
444 726
402 366
568 981
726 832
208 670
543 166
310 701
635 394
119 811
444 95
897 110
443 163
531 695
763 390
535 784
516 739
347 804
535 306
726 396
333 77
910 731
277 218
524 253
851 619
293 379
589 361
311 873
110 235
171 599
146 656
73 540
333 836
251 107
310 92
726 475
398 340
726 650
344 542
422 204
316 203
616 178
848 345
50 98
740 66
117 833
717 927
479 837
804 904
738 724
574 644
588 266
66 413
109 93
369 711
784 134
645 254
186 148
568 746
581 528
40 329
197 658
372 932
71 604
332 718
987 106
81 38
873 735
174 551
456 323
313 319
444 216
808 745
687 112
987 707
898 138
667 907
748 365
633 193
599 128
254 249
653 189
504 826
268 582
438 818
245 922
390 78
898 703
266 842
497 921
738 755
77 825
543 331
81 858
96 571
164 458
89 300
95 451
839 387
148 305
689 63
235 256
6 288
504 265
20 459
763 812
426 212
616 431
233 141
447 569
6 672
720 68
974 214
996 771
85 677
117 450
335 57
875 452
504 292
574 989
148 423
881 778
214 621
645 870
98 868
35 27
481 643
638 407
832 282
832 101
791 468
611 501
671 831
73 269
444 294
479 988
189 82
619 751
183 24
212 62
62 173
57 471
524 640
109 172
739 952
553 526
778 506
667 928
373 261
25 357
266 494
836 760
117 289
193 420
184 840
721 260
433 236
568 986
362 990
239 617
815 736
466 846
839 514
999 124
65 290
689 641
655 337
532 207
718 857
432 878
433 821
138 533
760 900
471 713
672 515
718 10
382 648
40 16
288 511
361 259
734 558
473 814
578 123
781 782
657 728
261 714
303 627
337 612
690 845
35 377
940 613
755 324
358 262
999 547
741 457
254 121
92 802
609 902
662 883
735 886
60 971
797 596
219 133
667 693
229 90
766 161
40 587
689 7
652 325
874 371
203 556
277 554
691 255
294 175
377 244
582 416
453 759
306 142
769 573
837 938
340 823
82 206
119 484
249 630
904 669
791 49
616 46
394 696
358 762
569 705
336 909
391 350
471 87
337 770
333 777
475 756
619 250
875 903
627 231
88 436
171 21
470 704
341 567
435 67
991 508
760 4
20 828
694 55
479 37
119 936
665 622
700 559
531 807
813 732
353 956
140 941
857 56
802 462
916 852
450 495
421 271
36 919
528 11
851 299
259 383
134 114
366 127
207 195
469 527
236 548
686 308
540 719
323 544
469 780
814 13
37 830
647 661
907 765
672 995
114 404
65 651
793 279
812 722
529 725
62 42
127 410
462 598
105 767
824 187
42 91
6 22
558 861
684 135
897 170
77 783
787 385
777 181
312 822
303 409
635 304
420 708
534 933
63 19
661 889
904 801
438 632
379 297
667 591
453 866
693 351
683 157
775 180
556 364
607 51
133 521
636 411
670 151
326 601
6 931
91 399
222 792
535 626
587 461
753 742
527 498
833 955
110 586
745 137
971 147
842 917
909 205
374 309
738 177
249 334
831 100
398 280
174 317
457 552
269 575
12 864
7 505
212 23
741 144
838 885
903 270
804 593
179 566
262 806
234 405
885 314
152 488
568 853
931 798
256 525
55 926
135 285
594 668
903 773
207 631
35 58
478 969
385 120
895 692
251 654
183 998
473 15
529 698
616 384
628 322
652 939
547 41
644 154
495 486
690 213
948 663
374 997
995 441
63 440
343 803
732 979
652 437
685 702
772 263
305 744
73 86
567 267
313 963
199 768
216 111
266 2
626 191
380 225
439 964
191 557
728 434
768 492
70 865
770 26
241 914
320 176
933 487
882 192
68 149
687 130
229 993
797 220
735 624
928 629
569 34
468 125
252 625
233 639
174 688
945 502
845 920
529 968
220 666
575 976
134 992
704 467
759 238
317 446
749 538
902 425
714 315
111 480
484 785
849 264
59 951
921 603
573 386
37 327
895 950
99 474
832 710
73 209
489 406
601 72
76 550
321 483
815 158
93 930
639 871
924 54
137 448
59 961
556 906
407 618
756 869
980 754
11 74
714 69
688 584
136 942
377 888
605 819
448 165
316 342
999 967
976 113
200 847
508 649
178 412
778 597
931 856
74 247
483 519
572 143
906 680
160 962
895 301
397 577
299 418
54 943
153 376
652 536
683 555
96 844
508 965
535 716
317 228
731 820
160 879
521 352
362 378
165 642
399 606
734 389
714 994
852 64
261 891
358 954
589 809
461 637
176 79
218 884
573 248
271 14
480 211
834 118
838 634
630 918
50 223
896 862
270 430
59 243
178 929
259 500
783 899
310 729
335 796
548 972
312 258
218 401
366 614
581 339
496 977
280 194
10 890
617 957
141 576
214 370
485 790
28 375
487 240
960 966
641 970
893 600
717 901
37 482
220 449
666 182
45 908
614 61
473 512
67 659
49 338
330 561
666 201
174 33
359 392
434 221
683 660
804 854
952 169
483 286
536 737
811 682
504 276
423 867
910 108
662 80
120 429
686 935
156 743
364 145
350 43
986 168
815 520
69 537
995 789
680 758
704 302
825 150
107 517
921 283
666 530
950 699
772 278
346 126
45 892
330 757
771 983
448 29
887 460
471 946
351 610
982 937
507 523
470 706
889 679
380 242
605 83
836 585
545 5
54 709
422 915
415 539
445 490
593 257
604 493
238 298
651 44
865 912
120 102
67 307
954 18
407 388
626 84
572 730
760 794
978 923
159 442
962 419
376 764
554 417
793 115
801 681
739 355
748 855
573 122
112 880
367 94
784 491
6 52
12 712
64 592
370 400
109 877
178 476
98 565
110 39
880 816
869 608
924 428
164 348
157 75
81 503
905 246
441 675
984 139
408 354
441 958
915 97
336 3
753 217
751 360
808 129
407 795
22 715
425 779
133 827
423 518
529 227
653 30
425 210
225 477
888 776
241 564
990 973
78 876
379 727
918 53
698 674
760 959
180 513
739 761
701 752
378 185
227 872
793 395
513 800
423 620
414 841
911 788
85 103
286 31
457 810
933 230
695 1
687 652
687 875
687 134
310 804
310 812
343 638
343 17
343 723
747 927
747 289
747 587
653 171
653 689
349 340
349 837
349 409
349 977
367 907
367 928
153 511
153 127
153 931
153 370
638 159
898 136
898 479
898 429
898 915
898 307
898 877
321 896
321 333
321 865
740 202
740 769
740 801
740 257
245 944
245 665
245 346
245 550
944 190
944 287
991 720
991 239
991 812
991 86
991 962
991 965
647 473
647 7
647 659
786 664
786 633
786 420
391 8
391 133
391 822
391 352
463 382
463 721
772 319
772 126
272 978
272 433
272 548
272 972
272 923
835 470
835 225
835 492
835 242
316 724
316 651
316 967
316 918
316 513
874 131
874 601
8 623
805 288
805 22
805 798
473 136
473 501
473 13
473 168
978 156
978 236
978 743
978 923
665 71
665 622
665 493
403 303
403 246
960 588
960 329
960 937
635 472
635 358
156 433
156 236
156 821
156 548
447 916
447 569
447 64
40 25
40 842
671 99
671 822
671 773
851 270
851 634
851 564
152 488
925 623
925 499
470 656
470 704
472 732
472 979
373 45
373 454
373 847
373 892
893 59
893 951
678 32
678 205
678 476
507 523
320 875
320 298
953 432
953 580
953 878
895 293
895 510
895 379
895 902
895 309
199 768
199 492
347 375
799 583
799 359
799 196
284 132
284 458
284 993
284 810
763 390
763 78
197 131
197 658
940 433
940 481
940 582
940 122
45 908
45 892
667 907
667 693
667 765
667 351
318 184
318 840
47 226
104 65
104 724
104 254
104 180
104 41
104 513
296 162
296 645
296 254
296 249
296 630
296 53
531 817
171 422
171 819
382 648
71 493
894 277
894 731
894 218
894 401
894 375
894 108
164 787
164 411
164 429
733 168
252 105
252 55
252 767
252 926
252 339
293 297
293 425
652 934
652 325
652 437
190 20
190 423
190 828
190 54
905 497
905 594
905 93
905 627
905 255
905 930
887 273
887 300
887 187
741 913
741 90
741 552
741 144
568 644
568 154
568 182
73 337
73 149
73 962
73 642
73 855
774 516
774 873
774 169
273 59
273 961
402 232
985 88
985 977
985 83
985 841
208 670
208 151
208 716
208 800
897 119
897 578
897 256
897 484
897 936
897 170
694 590
694 55
694 926
464 291
464 949
797 574
797 154
797 449
485 356
485 860
485 632
485 442
478 369
478 155
478 468
478 49
478 969
478 125
478 338
524 253
524 640
435 947
435 307
839 748
839 996
839 365
839 228
839 983
465 426
465 62
465 42
465 23
465 606
616 81
616 858
616 521
616 827
433 821
433 548
813 732
813 979
179 738
179 677
179 177
222 792
999 44
562 838
562 453
562 298
372 817
372 697
372 932
59 243
1000 135
1000 285
1000 213
685 194
359 215
359 196
359 392
35 377
35 244
35 888
303 231
303 409
424 155
424 49
424 125
496 414
496 977
623 499
356 860
356 159
356 818
356 632
119 123
119 785
119 682
720 68
720 149
829 543
829 166
829 106
829 331
829 725
829 227
753 742
534 98
534 223
534 240
545 793
545 5
545 115
545 395
415 539
233 471
233 946
167 479
167 204
167 938
268 582
268 416
237 454
237 834
237 546
775 992
781 563
781 766
781 345
781 782
781 161
529 331
353 673
215 196
70 147
426 212
426 62
426 91
426 606
882 192
466 846
945 655
945 26
88 605
88 436
691 255
136 641
136 942
136 14
504 265
504 292
504 4
504 794
916 592
808 448
808 129
36 919
183 24
183 998
881 607
881 778
881 506
982 25
982 842
611 421
611 271
611 440
32 948
32 663
32 3
368 724
368 677
543 331
543 558
543 389
987 106
987 707
234 721
234 260
633 420
633 708
860 159
9 427
9 589
9 361
9 383
9 809
662 607
662 51
662 80
913 229
913 90
913 993
532 207
532 195
532 631
791 711
791 468
105 295
105 767
60 896
60 971
60 862
628 322
311 735
311 886
311 624
146 656
535 626
535 557
769 510
769 573
769 248
769 122
277 218
277 554
277 884
683 157
683 555
910 731
910 820
910 108
326 72
224 948
224 663
224 3
838 107
838 314
838 654
838 634
439 132
439 964
422 915
422 97
76 550
489 406
239 308
239 957
578 123
229 90
229 993
140 655
140 337
140 612
140 770
657 74
657 339
657 221
609 902
609 309
609 997
609 425
609 210
605 819
605 83
717 266
717 842
717 357
717 2
690 845
850 313
850 346
850 602
850 700
850 559
850 498
721 260
445 749
445 490
313 602
313 319
313 963
346 469
346 700
346 126
427 589
427 361
427 259
427 809
427 500
607 51
581 247
344 542
99 330
99 474
99 258
186 455
186 305
186 744
186 620
766 161
924 20
924 459
924 828
924 943
924 709
924 428
509 948
509 663
28 375
589 361
589 383
589 500
219 858
219 352
689 641
689 7
689 505
689 970
330 561
330 757
911 788
369 711
12 864
12 712
116 481
116 643
497 594
497 921
497 668
454 834
454 546
479 37
408 354
444 726
444 451
444 710
655 612
655 770
655 26
332 857
684 135
684 285
438 818
896 862
374 309
374 997
184 840
159 442
516 739
516 952
516 761
241 914
241 564
875 903
875 270
636 787
636 385
636 120
834 546
834 118
469 527
469 780
469 498
174 996
174 33
6 288
6 515
6 931
380 225
380 242
380 477
793 115
748 365
748 855
335 713
335 87
335 946
849 264
50 98
50 868
50 223
50 565
980 754
974 214
974 621
974 370
397 577
749 538
645 249
645 630
645 53
358 262
358 18
85 738
85 677
85 324
588 842
588 494
588 917
588 2
89 824
89 300
89 187
700 559
686 308
686 935
25 357
333 760
333 900
333 777
333 783
333 899
333 959
481 643
738 324
738 177
824 187
734 558
65 290
65 651
414 841
336 909
160 962
160 879
200 393
200 847
453 759
456 323
456 544
574 644
574 989
574 154
815 736
815 158
815 520
594 668
948 663
20 459
20 828
848 345
996 771
398 823
398 280
398 194
787 120
312 822
312 258
984 139
109 172
109 930
109 877
341 267
726 101
366 61
832 282
832 710
670 151
701 752
394 696
811 682
95 451
110 256
110 586
695 1
390 78
390 876
784 114
784 404
784 992
739 952
739 169
739 761
804 669
804 801
804 593
306 142
77 825
77 899
731 820
218 884
619 751
619 360
379 297
379 727
361 259
361 383
361 500
873 735
873 886
873 624
235 256
599 128
540 719
836 900
836 585
836 794
107 517
92 802
92 462
92 598
475 869
340 823
203 906
203 680
203 758
178 412
178 476
98 868
98 565
66 413
833 955
837 938
904 669
904 801
644 154
266 842
266 494
266 917
266 2
93 930
134 114
134 404
134 992
254 630
254 334
254 918
148 423
148 744
148 867
148 620
528 74
528 247
604 493
718 10
718 56
735 886
323 544
216 480
745 448
745 165
112 880
112 816
138 533
907 765
193 420
249 630
249 334
249 918
249 53
189 206
582 416
78 876
842 917
921 603
921 283
755 324
825 150
305 744
63 19
256 525
288 511
812 722
212 62
212 173
212 606
141 576
569 705
672 789
68 149
214 621
214 370
214 400
450 486
57 713
57 87
57 946
423 518
423 620
778 506
778 597
407 618
407 388
407 795
468 125
831 100
269 575
269 976
269 113
294 175
82 206
751 360
62 173
62 42
62 399
62 606
471 713
471 87
471 946
952 169
928 629
261 714
261 315
261 69
261 537
760 900
760 4
760 794
760 959
420 708
236 548
236 972
986 168
990 973
617 957
641 970
337 26
207 195
207 631
857 56
10 890
259 383
558 861
814 13
728 434
728 221
714 994
627 231
845 920
377 888
377 776
262 806
547 41
457 552
457 810
802 462
902 425
902 210
971 147
133 352
133 827
693 351
587 461
587 637
7 505
556 906
556 680
556 145
554 417
759 298
573 248
484 785
630 918
49 338
909 205
350 43
770 26
777 181
756 869
756 608
903 773
67 659
67 307
508 649
508 965
55 926
37 830
37 327
732 979
462 598
852 64
852 592
495 486
271 14
11 74
11 247
299 418
127 410
527 498
548 972
661 889
661 679
995 675
995 958
651 44
42 91
42 606
91 399
91 606
22 715
135 285
783 899
385 120
385 429
385 102
933 487
933 240
889 679
801 681
351 610
157 75
180 513
180 800
364 145
521 352
601 72
931 798
931 856
399 606
626 191
626 557
461 637
137 165
137 642
280 194
317 446
317 228
575 976
575 113
885 314
270 430
593 257
120 429
120 102
698 674
441 958
768 492
111 480
111 211
191 557
225 477
434 221
865 912
176 79
487 240
220 182
220 201
220 530
639 871
688 584
666 182
666 201
666 530
976 113
238 298
425 779
425 210
480 211
950 699
483 519
483 286
483 31
54 709
448 165
448 642
448 29
906 680
906 758
869 608
74 247
69 537
888 776
165 642
680 758
962 419
376 764
536 737
378 185
64 592
954 18
918 53
614 61
370 400
286 31
915 97
880 816
227 872
513 800
