2000 1000
687 310
687 1393
310 747
747 1050
1393 349
1050 1814
747 1842
747 638
1842 1694
1694 321
1393 1613
349 1034
1050 1724
1694 1579
1034 1292
310 1761
1694 1387
1579 1213
321 463
1842 1884
1761 1882
1613 835
1724 316
1393 1722
1579 8
1761 1743
321 473
1743 978
1613 1274
747 403
1613 1617
1884 1711
1882 156
463 1227
1613 40
747 1858
1050 851
1393 1625
40 1787
1711 1779
1292 1289
310 472
978 1103
156 1739
403 1563
1884 507
316 1384
1842 1804
1842 1079
1292 199
1289 347
1384 1462
507 1891
156 198
747 583
472 1112
1050 1399
978 940
1739 1958
316 1830
1694 318
851 1312
1384 1137
1079 296
1292 96
1858 1714
1213 1997
1112 1078
321 382
1227 1091
199 894
1882 164
1884 1468
463 252
1384 1549
310 1279
638 1080
156 1901
1563 1255
1882 1658
40 1571
463 1284
1227 774
1034 273
1137 1386
273 1318
156 208
1563 1838
1958 1190
1958 1747
507 797
1034 485
472 1200
1213 524
1884 435
1743 117
1213 1409
1842 1135
1743 465
435 1580
1694 17
316 1516
1387 616
117 1762
638 1569
1289 433
1997 813
1563 1452
465 222
40 999
347 676
273 590
273 1661
1579 372
1284 1928
465 1066
940 1608
252 359
1830 1820
472 303
164 1051
1284 1171
1190 1578
1200 1268
1958 356
1393 560
940 119
1722 1389
524 1867
1867 1638
1617 1323
1462 188
1171 534
1292 545
1579 1946
156 233
524 167
560 268
485 1949
1452 775
1386 781
1289 529
1579 353
978 215
198 572
321 70
1743 1540
119 1042
1284 1294
372 1642
208 1373
1213 691
1613 1152
1571 504
1399 1397
1051 549
465 808
781 36
1080 1480
774 881
1747 982
1387 611
347 1314
1714 1430
1213 543
676 987
1830 234
1079 1370
472 1801
691 1603
1613 9
208 1501
560 913
188 1483
1743 1077
1884 1069
1958 1140
1946 615
1069 1163
543 1914
1569 1936
1579 1402
1617 1636
1034 535
913 1466
615 277
1580 1878
1279 563
8 1424
1312 1226
1613 910
372 949
1190 326
1787 1153
534 838
318 439
1540 422
356 1502
234 489
687 1819
1227 1132
1468 673
1069 196
1661 132
1409 131
1430 229
1787 140
1462 657
1580 609
1820 605
987 162
439 1744
1468 690
132 850
422 1197
1079 251
1152 1622
234 1733
1197 1358
1373 346
268 427
1761 607
215 1240
403 1410
465 1203
1255 1833
36 186
1137 766
1077 1192
465 924
616 509
1192 28
1946 589
353 1353
1747 1872
1077 1582
1051 1759
36 911
1842 1673
1882 369
615 1524
164 116
1569 1461
1891 454
316 479
1353 1282
233 1006
156 1053
382 817
199 1232
535 655
940 1448
524 684
1079 1531
465 1753
1753 580
356 1566
359 1666
1882 159
1079 1217
1858 1934
1424 875
1461 636
1466 1522
1294 1304
607 174
691 6
427 380
277 1951
346 1825
1078 1786
1384 1106
349 1315
28 335
1724 849
117 1574
164 50
132 1485
910 974
849 1705
268 81
1053 1198
1080 645
687 358
1502 1558
881 85
655 1770
1448 421
40 1167
797 1641
684 510
1402 700
1724 1407
1386 1476
1140 546
1323 25
615 287
974 333
1722 481
472 1763
1705 824
1091 381
1949 1014
1190 65
356 414
1387 336
1658 843
346 160
358 1309
439 1738
1152 1635
881 1925
1402 453
1501 1356
1227 574
1393 1856
1814 1597
6 1750
1714 1283
1597 1512
1410 1939
1522 1076
645 398
1779 1016
894 1261
1353 984
545 1290
1066 341
208 1871
1642 1146
1190 726
1825 366
881 1361
1356 1401
1786 1414
485 1100
1574 1767
310 1534
881 1182
984 95
1485 110
1714 1060
1884 1473
1635 1451
303 784
198 739
347 804
159 1338
1814 1007
303 77
609 731
726 1139
850 1577
199 619
1448 379
546 361
1558 873
1858 1756
359 599
366 1510
1867 540
1106 1327
439 107
1641 1800
616 1369
1642 1121
196 650
650 1071
1356 204
453 203
843 178
1424 1553
347 98
1407 1366
1461 1403
8 927
479 1952
1163 904
1255 724
485 1195
465 266
534 1463
1801 93
1483 1557
199 1130
1951 1454
1227 148
775 1696
1641 528
251 329
534 1637
1356 932
590 1503
1485 718
359 106
268 1809
718 1449
835 551
65 323
1578 319
645 216
731 745
1577 1834
1666 707
940 1868
1724 1771
422 1916
1724 1828
1613 128
589 1127
215 189
422 826
204 1699
924 818
1449 922
1563 78
323 703
422 842
1597 1306
1384 1365
1171 825
1952 331
1516 858
731 571
1449 1425
1557 1664
1137 1193
851 1418
162 1011
700 63
1524 1347
1522 288
333 265
9 459
1137 812
251 1506
28 1141
529 1539
1666 569
132 672
366 1020
303 214
826 1089
1387 1183
563 450
1637 1010
528 452
1767 292
1140 1967
504 423
1139 1757
1578 1415
1011 1019
1163 1514
1071 27
1833 1442
1483 1626
454 282
85 1766
1448 1288
98 1201
282 831
974 269
1369 294
93 988
427 1537
1198 751
421 24
672 1527
1366 1490
1010 471
1882 640
369 1254
24 1229
321 1683
1582 1244
353 1291
1683 261
251 1979
1409 494
1171 760
881 289
619 420
690 840
8 260
1106 1342
818 1481
574 990
148 1717
580 736
1617 846
736 514
489 124
875 1024
1288 1991
1323 337
107 1860
96 1734
1261 878
203 1443
700 533
1928 1650
1717 713
1409 1561
514 10
1283 1375
1858 1337
655 511
1282 259
736 1913
1579 1276
1476 123
784 782
1007 728
465 1695
1195 1239
1603 1568
1501 1269
731 1785
1582 613
63 324
252 1220
932 1420
251 1438
273 1488
1882 802
655 902
204 1985
324 1172
9 1935
835 596
781 133
1183 1983
17 90
481 161
28 587
1356 7
382 1117
1200 1070
1227 1095
1561 554
347 1776
1397 1162
932 244
7 1840
324 759
1137 142
1661 573
273 938
1834 1742
277 1790
347 1396
840 1731
1315 669
1454 49
1153 1735
1502 696
1597 762
133 705
1658 909
1226 350
1786 1187
762 1866
1294 1795
318 756
1561 1621
471 1129
10 231
818 1058
186 1498
640 1307
1338 567
329 1708
323 508
1312 1257
507 1824
1770 55
894 1472
1401 936
353 1564
751 559
1776 1525
1742 732
1762 956
797 941
571 56
403 462
1878 1214
974 495
485 271
222 1105
569 11
587 299
1139 1262
1171 114
1112 1114
1637 195
128 527
337 1234
1891 1211
1738 1017
1254 544
1860 1880
1353 13
607 1900
231 1859
85 765
123 1437
1776 1465
269 1116
534 279
509 1657
1451 1030
672 1541
982 1002
1438 1322
366 767
574 1169
1916 91
1785 22
1578 861
1410 135
1401 1062
93 783
369 1818
485 181
1030 1826
1234 1474
826 1411
1738 1311
881 933
804 1821
1872 1667
369 801
1244 1489
1211 1583
1100 591
835 866
481 351
1481 1890
1795 180
1452 364
1735 51
938 521
933 1038
27 151
423 1305
119 931
728 1605
684 1421
544 1495
571 1115
784 1295
1132 1773
1442 1087
1240 1252
161 137
1699 1267
1821 1419
124 1606
1858 309
1734 1251
294 334
511 100
1901 280
684 1873
1658 552
128 575
861 1649
1353 1682
453 1379
1193 144
509 885
1192 270
414 1940
1711 566
273 806
1490 1032
55 1971
1106 1772
1079 1427
1034 1475
1795 525
1946 1165
288 1945
495 1123
990 1817
1557 631
462 58
636 1122
931 120
687 692
1738 1022
50 1194
17 1680
140 698
534 384
70 322
144 939
825 1990
1105 154
1473 1450
198 213
774 663
319 997
1282 441
691 1865
1022 1026
1016 1960
1240 437
322 702
353 263
1824 744
459 1727
1936 267
1549 1796
164 768
1742 1533
323 2
1198 191
1214 225
160 964
98 1908
1112 434
252 1518
1311 1285
137 26
1141 914
213 176
1871 487
485 192
1051 149
1122 130
1307 1043
527 220
1396 624
1407 629
1152 1210
1465 125
858 625
1401 639
1244 1999
1463 502
1024 920
607 968
1419 666
1294 976
1773 1175
22 467
106 238
1540 1620
700 538
1240 1929
1483 1915
861 480
1472 1581
1370 1844
1818 1184
1860 603
835 386
78 1371
978 1273
494 474
629 1131
1229 1343
502 406
1522 1726
372 1575
1069 483
736 158
589 930
1834 871
1437 1199
1753 1846
1070 1792
1267 1652
575 618
154 869
1489 754
563 74
433 1101
1516 1302
754 942
1946 1394
846 1507
690 165
1820 342
1814 1547
1512 113
1401 847
825 649
817 1319
976 597
1860 856
1547 247
1418 1565
1722 1064
50 1148
1579 962
587 301
1952 1191
1261 418
324 1938
1824 376
114 1992
1739 1143
51 844
1121 965
1203 1073
603 228
471 1746
1210 879
1384 1632
861 378
1510 1067
321 1212
1187 1405
1309 1931
96 64
463 1477
1635 954
1828 1781
244 637
529 79
1625 1851
639 1614
8 1036
1290 211
1717 1049
976 634
1079 1222
1076 1697
1871 1526
878 430
636 243
162 929
322 500
1575 1749
7 729
1985 1659
1820 1363
861 1441
559 1602
269 1758
1833 339
529 1124
247 194
1285 890
507 957
247 1445
1641 370
280 790
1244 1715
194 240
1614 966
599 970
1080 1730
1114 1380
502 482
760 449
158 182
552 908
1558 61
10 512
1637 659
507 338
1036 561
732 201
1132 33
825 392
1792 221
1890 1223
930 1392
1071 1224
1641 286
1289 737
1034 1028
243 276
1858 867
745 1092
1192 80
639 429
1184 935
1091 743
1714 1236
1380 43
1309 1233
80 1385
1307 1334
1858 1573
251 758
106 1029
1809 1344
1872 1803
287 283
382 530
846 699
1223 1975
1152 1444
154 892
341 757
160 983
510 1471
636 460
511 1691
8 610
1053 1270
1141 523
120 1082
1269 679
216 242
713 1827
1366 585
890 5
812 1096
1347 915
465 539
1621 490
1020 1594
910 1126
208 1806
1022 1458
1131 1113
1914 1247
1992 307
1419 1647
1929 388
1449 1665
273 1920
1073 794
1337 1018
222 442
861 419
341 1253
1472 1710
479 115
1650 681
640 1395
64 1798
441 122
1451 880
1746 1455
1425 1186
1034 1308
1451 1326
1983 592
1295 1383
1233 1548
33 476
988 1887
1795 1588
1842 1044
657 1835
1817 1147
1537 1428
1344 75
1524 503
1191 1853
890 1021
1573 1412
1100 354
781 1651
1472 97
1441 1340
1311 1562
1597 1968
1880 129
1767 1535
6 715
503 1231
1747 1249
1130 1511
140 1911
144 30
337 1883
214 1719
472 776
1809 1349
611 1701
707 876
1101 727
1594 53
806 1107
1667 959
1222 513
133 761
419 752
759 1725
22 872
1951 395
1455 1862
1908 1332
220 1609
504 788
1512 103
873 31
1582 1644
767 230
765 1
1856 723
1701 1376
233 1643
1821 4
1424 1088
732 579
1541 396
752 1692
513 1008
1193 1875
1979 305
743 595
1734 1243
1915 1707
1727 314
1302 1713
1539 719
645 923
1212 1263
1929 68
1533 675
77 654
144 564
369 290
1203 882
120 803
1582 1248
1006 1154
1254 1633
1772 1245
90 492
1566 405
1632 1864
767 245
1667 451
698 14
1365 1812
554 411
463 1732
533 1416
949 830
1527 1025
495 1209
465 1656
1483 1298
1034 1457
728 1645
1620 461
1010 1005
1744 653
846 1895
920 1460
745 1063
467 562
1448 1378
543 1523
1115 845
988 1061
1199 416
744 1996
812 436
191 1969
842 1055
242 143
427 874
727 1000
726 642
640 1496
1614 1618
1890 1903
122 542
1776 1993
164 716
715 870
1975 862
1337 1150
100 1098
489 171
997 895
194 190
215 798
571 1120
190 1464
1394 839
1343 1035
208 1587
463 1630
562 118
1958 771
336 34
533 71
781 1207
1311 448
110 315
583 556
251 709
482 1941
1312 532
221 1712
1840 1040
1044 1646
133 1898
1302 373
1165 1604
1535 919
314 859
1294 674
1621 328
1384 89
1451 1144
204 646
1658 1585
132 912
149 127
1652 1048
1062 651
1804 325
1569 1206
561 1857
1457 1953
1402 1943
1696 969
1030 1560
140 977
162 42
1405 1797
1334 249
1025 688
956 903
510 134
1020 710
1796 1823
433 1177
1211 1905
1842 1544
571 1090
1017 104
639 1033
1210 1205
1244 570
11 431
1289 407
1503 1352
63 147
840 1235
552 1012
589 428
1043 1372
214 1681
1713 295
1026 1118
875 136
1502 224
405 682
453 496
1582 1075
135 1354
7 661
465 306
1636 1755
1696 1869
492 1906
511 105
434 1765
234 1570
646 1974
1140 1400
1308 19
1695 1532
61 1336
252 363
1715 886
492 1611
679 1961
543 992
318 387
1143 526
252 621
372 408
682 652
1322 1693
1705 1690
563 677
238 951
328 250
1637 491
798 1102
757 1382
363 1180
79 1815
1192 577
420 1111
63 1408
1693 1157
931 644
1725 1748
1340 721
1011 1447
97 1528
1732 478
1632 1586
1058 499
690 344
1512 1287
1043 1478
1449 206
1105 108
1693 518
739 1721
533 1136
247 1320
1117 1654
314 1434
1211 852
546 1964
1372 1612
1016 516
1496 468
1840 658
68 1486
1430 827
480 1995
843 1301
1253 169
518 237
1795 975
295 447
97 1423
675 1300
1952 1829
322 779
699 226
452 168
932 1874
1701 697
277 1950
1044 1505
398 235
1144 627
1526 1297
414 1094
1868 934
1714 1350
1018 1877
1713 725
267 795
1827 102
1915 1265
1135 1221
1786 1684
309 177
188 1432
1842 1174
1667 1446
731 887
1903 1768
508 1004
1701 1149
902 1850
754 1138
719 1296
508 1870
428 1074
609 60
441 848
669 469
1442 1250
629 1362
1765 1802
699 1056
1566 993
1064 1133
940 1009
1693 665
107 1429
1075 1894
1088 753
902 918
1419 1189
1 2000
1236 1381
247 1839
910 1687
1846 73
1042 1610
81 1655
954 1595
31 1218
431 1299
259 1843
1968 928
378 1536
894 371
890 466
1352 1631
1223 1723
607 1559
1233 1980
516 1345
1094 952
1207 660
775 584
599 689
1890 1266
1463 1453
969 1324
1649 704
987 52
1288 1972
1194 394
370 708
1411 47
929 780
1785 32
1018 1729
386 1909
228 877
6 1357
213 1119
761 308
882 1374
1324 1793
1713 1277
333 1196
964 853
663 712
848 836
268 1822
451 1607
590 1456
1535 146
1952 1752
776 202
1290 537
1585 365
760 1704
539 1237
1695 1159
1928 1215
6 1741
766 1685
122 1181
1734 1509
1224 150
1916 553
1255 1703
1035 1479
887 1185
321 1599
1421 1927
52 1001
590 555
1654 1937
318 1782
790 1508
704 456
80 985
1762 313
959 126
1814 582
1753 981
1536 623
1968 972
188 1791
1357 755
1441 1216
347 686
336 792
1226 475
1119 633
1363 1955
1823 1754
353 88
1165 1640
870 648
1073 410
1594 1876
1734 444
1758 23
696 901
1347 1435
380 1329
1098 400
1969 1173
692 520
372 1677
79 1391
1376 352
1428 1504
719 297
1504 1108
1152 1134
1365 1355
282 1046
776 355
9 1998
1091 916
324 1110
1353 1783
1820 588
428 832
1461 1893
1490 1529
24 1672
1194 389
10 424
634 1596
1342 1085
1504 664
1210 581
433 304
1154 1899
1560 1093
10 670
1112 1178
1829 1686
790 1660
1844 1176
492 917
1336 547
1569 1368
1350 1281
451 1676
783 1910
203 458
453 87
329 1325
869 348
1082 1426
1748 368
1941 1166
1135 1538
1722 1367
1266 391
485 285
181 239
990 1861
1463 1799
1180 1813
499 1702
394 258
305 1037
494 821
181 1892
243 576
644 1567
516 749
1021 332
125 1764
1823 1624
993 1775
467 1619
1284 1543
259 254
75 94
144 991
776 888
1209 1963
444 1348
1773 946
80 497
821 799
675 1970
451 445
1717 404
1610 769
873 1272
649 733
396 683
1353 1678
456 29
342 1546
570 1918
959 1670
534 1081
70 1942
1562 1484
1203 218
1945 1917
716 183
664 986
407 791
268 281
1732 891
1916 980
1681 262
673 1653
1704 1003
1779 632
1222 173
779 1242
716 1698
1692 1957
142 602
1218 626
182 945
880 948
1693 21
583 278
1911 693
1478 1886
224 1810
1803 604
1004 541
1110 1716
1501 1104
1608 819
1410 343
1167 209
984 656
1980 1208
1095 1896
1214 1674
885 868
1721 1954
570 1745
1702 1552
1034 1988
812 1422
1061 717
1918 1467
1383 834
1137 1634
538 12
1578 807
1603 1984
1176 62
834 54
103 1816
556 1151
819 438
1612 187
982 1377
1218 1310
1392 1246
1588 1671
1763 82
1731 586
159 1805
938 426
395 1072
496 39
980 601
1896 1902
993 1777
1870 37
451 967
137 1317
1798 293
471 1084
572 1688
669 1922
494 345
1695 112
964 742
1030 223
1368 711
1116 1848
231 1491
325 668
651 1590
688 217
1580 678
34 622
1194 519
214 374
1447 1989
1385 1584
1389 362
136 926
1946 568
423 598
1101 789
512 1494
189 1492
1343 606
1292 1700
77 1593
1928 1987
660 291
788 1965
509 330
1104 1639
1779 612
1308 763
1288 1551
611 796
1343 1542
561 1328
589 515
1971 1778
1304 409
564 1417
1968 1919
1738 1924
1564 1433
1284 594
1941 1499
700 1944
1281 1440
1005 833
296 1728
1611 860
1308 212
562 399
448 1662
1192 425
167 685
1123 1439
1217 865
345 1623
1563 66
1124 740
1123 248
237 1083
622 1406
438 1808
285 1482
491 1849
214 446
1741 1045
597 1615
1378 320
1815 1339
13 1736
279 1142
571 501
1227 1155
678 1545
28 1513
1590 1555
1582 1388
88 302
1092 937
133 1976
1958 1331
1673 1852
874 1493
78 1390
1076 193
454 1109
1985 1470
260 1973
1631 1668
632 253
669 69
1673 18
1378 734
439 864
438 900
1122 958
576 1228
589 1831
761 1576
421 1436
291 1921
449 722
948 741
91 1086
1185 1628
1159 1054
1272 205
161 284
556 300
799 1706
880 1280
1308 889
1766 1845
1757 714
177 1592
1909 647
198 1041
1593 947
1109 1977
528 1760
674 1737
1614 1932
1292 1068
213 72
376 15
1771 1059
314 505
125 1521
1178 1769
65 470
626 166
1793 20
798 1627
136 440
1651 811
526 1260
932 950
538 236
1871 898
867 1669
1641 746
1748 1556
247 550
1408 1360
347 1047
1876 973
508 139
177 1278
1363 557
1180 397
505 84
1366 1648
1726 67
877 1885
1882 417
1045 635
1804 961
8 787
1809 443
1427 375
853 16
1919 617
866 311
1606 477
129 402
1343 1271
451 1065
1567 312
1820 1431
120 185
754 1679
328 86
834 401
1960 748
440 600
425 1675
286 1170
1372 274
1390 857
584 46
761 152
1318 906
1022 232
1088 893
1905 184
225 3
1477 823
579 805
1566 1161
528 522
330 820
1552 464
10 921
878 1904
961 1497
1798 905
993 620
898 896
1654 680
611 48
611 1238
975 778
1167 1863
1118 1351
1298 630
1932 786
1623 1948
775 738
1801 1986
187 1500
1182 101
23 701
651 1264
689 1398
453 1202
872 907
1931 488
893 498
909 1897
1619 390
725 255
180 76
1642 1097
1014 1341
1048 1303
465 1230
544 998
556 1807
167 1794
518 377
1711 1160
53 925
1478 884
284 170
1281 1530
135 1330
581 1709
638 1572
1349 1404
775 777
1388 963
1110 493
1657 855
811 457
1705 92
543 1333
1375 1966
1783 517
1357 953
1996 141
139 298
1537 197
98 960
1141 1837
395 1629
273 643
243 1811
661 841
1656 1855
80 694
619 1601
1072 773
1226 1923
611 1286
1104 35
1696 1168
134 989
229 578
410 828
1890 793
1292 822
781 83
1342 1321
115 809
122 667
1666 256
1133 1515
738 99
196 1554
61 608
1393 1689
114 1847
880 897
101 1179
1936 1258
726 145
289 153
915 109
1898 264
1126 810
1184 1413
77 38
112 863
1831 179
33 246
1210 1788
1972 1879
79 1259
453 121
1574 367
349 815
1131 412
670 671
1116 1158
934 207
513 1912
734 800
1079 614
741 1052
198 1836
334 770
300 1316
1100 138
304 1520
97 383
85 393
260 1780
1626 317
748 548
936 57
1038 111
1829 1517
535 1591
1738 1219
1143 1313
908 1128
1088 272
894 210
516 772
180 1099
458 1947
117 565
1033 1789
1562 750
1579 1930
846 1663
1236 1359
11 1718
214 814
1671 1616
1922 1027
1551 955
1451 1275
236 1600
1353 1784
1967 1751
808 1981
1489 1994
592 899
1290 854
756 175
1904 1031
903 1013
1627 720
395 275
649 227
319 995
1249 558
1390 1256
1730 1241
1492 1335
427 1204
138 695
203 257
1381 730
1321 816
851 506
976 385
1912 1487
853 200
1120 486
320 1039
922 59
1241 1188
660 157
1068 994
748 1978
1819 415
512 1982
1385 971
417 628
1533 219
304 943
791 996
1083 593
946 1469
423 1145
378 340
1408 1023
1284 1519
678 1832
1498 662
847 432
906 1225
875 1841
292 1889
201 837
1699 706
1895 1933
74 327
1090 1346
680 829
972 45
828 163
945 979
1097 764
171 1740
1565 44
1198 1926
256 785
1000 1057
934 1589
377 360
50 1888
1978 413
1505 1015
653 455
1394 1854
1805 944
1112 1598
247 155
521 1774
264 1720
1773 357
1163 1459
93 1550
267 241
624 1164
1673 1156
1550 883
1264 735
530 1364
654 1907
956 172
1126 41
1373 641
742 536
867 1125
370 1293
1181 1956
1280 1959
986 531
1207 484
1077 1881
164 1962
687 1754
310 22
1393 1259
1050 1579
1050 1632
1814 731
1842 1524
1842 1531
1842 1630
638 923
1694 1992
1694 634
1694 1937
321 1132
1613 209
1034 1949
1034 354
1724 1713
1724 1245
1579 538
1579 1036
1579 958
1292 737
1387 352
1387 48
1213 1638
1213 540
1213 870
463 246
1884 196
1882 178
1882 1270
835 647
316 1634
1743 189
1743 438
403 1452
403 738
1711 1978
156 896
1858 1430
1858 1337
1858 1573
1858 578
851 1226
851 1923
1625 1851
1787 844
1787 14
1289 1164
1563 724
507 286
507 852
1384 1245
1079 251
1079 1487
199 420
347 1465
347 624
198 176
198 1041
583 1151
583 300
940 1042
1958 623
1830 1431
318 1285
1312 1226
1137 436
96 1798
96 1348
1714 1430
1714 1375
1714 1359
1997 813
382 1937
1091 916
894 430
894 97
164 1051
1468 1235
1468 1653
252 876
1549 1796
1549 1754
1279 450
1901 1508
1255 1442
1255 1250
1571 1305
1571 788
1284 502
1284 597
1284 1084
1318 1225
208 651
1190 1139
485 181
485 192
485 354
1200 1792
1200 221
435 1674
435 390
1409 345
1409 1706
1409 86
465 818
17 1906
17 917
1516 625
1516 1302
1516 725
1516 255
616 1369
1569 130
1569 276
1569 795
433 1101
222 869
222 442
222 108
222 348
676 987
590 1668
1066 341
1066 1253
1608 438
359 1029
1820 588
303 1383
303 1719
303 374
1051 549
1051 149
1578 752
1578 1536
356 1336
356 1810
560 1108
119 803
1389 362
188 1483
534 384
534 659
534 1862
545 211
1946 395
233 1006
233 1643
167 685
167 1794
268 427
268 75
268 1822
1949 1014
775 1696
775 1324
775 99
781 484
529 719
353 13
353 1843
572 1688
70 779
1642 1121
1642 1097
1373 16
691 1865
691 1045
691 635
1152 954
1152 1709
504 1965
1397 1162
808 1981
36 911
881 153
982 1002
982 1377
611 352
1430 229
1430 827
543 1914
987 42
987 1989
1370 1844
1801 883
1603 1568
1603 1984
9 265
1501 1961
1077 971
1069 1224
1140 1400
615 277
1163 1459
1402 1938
1636 1755
535 655
535 105
1466 1917
277 49
1878 3
563 74
563 677
1226 475
1226 1923
910 1687
910 1963
949 830
1153 844
422 1086
1819 415
1132 1469
1132 357
673 1653
196 27
196 151
132 1970
229 578
140 14
609 501
162 1011
162 1447
162 780
1744 653
1744 455
690 840
690 1235
690 586
1197 1358
427 1204
607 174
1240 1252
1240 68
1410 135
1203 794
1203 1374
1203 410
186 1498
186 662
766 1685
1192 270
1192 80
924 1058
924 1975
924 499
924 1266
509 1657
509 855
28 914
1353 441
1353 1843
1353 517
1582 1999
1582 1644
1582 886
1582 1918
1524 109
1461 1228
454 1977
1282 122
1282 542
1282 848
1282 836
655 1971
655 1778
1448 421
1448 1035
1448 1542
1448 320
684 1421
684 1927
1753 1982
580 671
580 979
1566 405
1217 865
875 440
636 958
1522 1726
1522 1917
1304 409
6 715
6 1357
380 1329
1951 275
1825 767
1825 1876
1786 1684
1106 1085
1315 669
1574 146
1574 367
1485 922
974 1116
974 248
81 1655
1198 191
1198 1926
358 1548
1558 1336
1558 626
85 2000
1167 209
1167 1863
1641 370
510 989
700 759
700 1748
1407 1032
1407 412
546 361
333 265
481 1317
481 284
1763 82
65 37
414 1940
843 1301
160 964
160 16
1309 1931
1309 1208
1635 1030
1635 1959
453 1443
453 1379
453 458
453 87
1597 1306
1597 1919
1597 617
1512 1816
1076 1697
1076 193
398 235
1016 749
984 656
1290 211
366 767
366 245
1401 651
1401 1033
1401 57
1100 591
1182 101
1473 1450
784 54
784 401
739 1721
1338 567
1007 1645
77 654
77 1907
731 571
1139 714
873 166
599 970
599 689
1510 1067
1369 294
650 1071
650 27
1071 151
1071 1224
204 1652
204 1470
203 458
203 257
98 1201
1366 1529
1952 1191
1195 1239
1463 482
1463 1453
1463 1166
1463 1499
93 1910
93 883
1454 49
148 1717
1696 969
528 1760
528 522
329 1708
329 1325
718 1449
718 922
718 206
718 59
106 1029
1809 1404
1449 1186
1449 206
319 997
319 895
319 995
216 143
745 1092
745 1063
1834 1533
707 876
1868 934
1868 207
1868 1589
1828 1781
128 618
189 1492
826 1089
818 1702
818 793
922 59
78 1390
78 1256
842 1055
842 1630
1365 1812
1365 1355
825 1990
825 733
825 227
858 625
571 1115
571 1090
1193 144
1193 939
1193 991
1418 1565
1418 44
1011 1447
1011 1989
63 1408
1347 1435
288 1945
288 1917
459 505
812 436
1141 914
1141 1837
1539 1296
214 1681
1183 1983
1183 592
1010 1129
1010 1862
1010 1084
452 168
292 1889
1967 1751
423 1305
423 598
1757 714
27 151
1442 1087
1442 1250
1626 317
282 831
1766 1845
1288 1972
269 1758
269 23
269 1848
294 770
988 1061
988 717
1537 531
751 1602
24 1229
24 1479
1527 217
1490 1032
471 1746
471 1862
640 1496
1254 998
1229 1479
1683 261
1244 1679
494 799
760 1003
840 1731
260 1780
990 1147
1717 102
736 979
846 226
514 1859
514 1491
514 921
124 1606
337 1234
337 1474
337 1883
1860 1880
1860 1885
533 71
1561 1621
10 512
1375 1966
511 100
259 1843
728 1645
1695 112
1695 863
1269 679
1785 22
1785 467
1785 390
902 1850
133 761
90 1611
90 917
161 26
161 1317
161 170
587 299
7 729
7 1040
7 658
1117 680
1117 829
1070 221
1095 1902
1776 1993
244 637
759 1748
759 1556
142 602
938 426
1396 624
1731 586
669 1922
1735 51
1735 844
696 901
762 1866
1187 1797
1795 180
1795 975
1795 76
1795 1099
756 175
1621 86
231 1859
231 1491
1498 662
1307 884
508 1870
1824 744
55 1971
55 1778
1472 1710
1472 97
559 1602
732 837
956 1013
956 172
1214 225
1214 1674
1214 3
495 1209
495 1963
1105 348
11 1299
1114 1380
1114 43
527 220
527 1609
1234 1474
1211 1583
1211 852
1211 184
1017 1450
1017 104
544 1495
544 998
1880 402
13 1736
1437 416
1465 1764
1465 1521
279 1684
279 1142
1322 665
91 1086
22 399
861 480
861 1441
861 456
135 1354
1062 651
1062 735
1818 1184
1818 1413
1311 332
933 111
1667 1670
1489 1679
866 311
1890 862
180 76
180 1099
51 844
521 1774
1038 111
931 644
931 185
1421 1927
1115 845
1295 401
1773 1175
1773 1469
1419 666
1606 477
309 177
309 1278
334 770
100 1098
280 1508
552 1128
575 618
1649 456
1649 29
144 30
885 868
806 1107
1772 1245
1165 1640
1945 1917
1817 1147
120 1082
120 185
1194 258
322 779
322 1242
154 892
213 1119
663 712
997 895
441 836
441 667
441 1956
1026 1351
744 1996
744 141
1727 84
1796 1823
191 1969
225 3
964 853
964 200
1908 1332
1285 332
1043 1372
220 1609
629 412
125 1764
639 429
502 482
502 1166
502 1499
920 1460
976 634
976 1615
976 385
467 1619
467 399
238 951
1620 461
538 12
538 236
538 1600
1929 388
1929 68
1844 62
1184 935
603 877
603 1885
1131 412
1343 1479
1726 67
1575 1749
158 945
158 979
930 1246
1846 73
869 348
754 1138
754 1679
1101 789
1101 1057
1302 295
1302 447
1394 839
342 1546
1547 247
649 733
649 227
597 1615
247 194
247 190
1565 44
1064 1133
376 15
1992 307
1143 526
1143 1313
1632 1586
378 1536
1212 1263
1931 488
64 905
1477 823
954 1595
79 1339
1614 1618
1036 561
1036 1857
929 780
1363 1955
1363 557
1441 1216
1758 23
1124 740
194 1464
890 5
370 708
790 1508
790 1660
1715 886
1730 1188
1380 43
482 1941
449 722
61 1336
561 1857
33 476
33 246
221 1712
1223 1975
1392 1246
1224 150
867 1669
867 1125
1092 937
743 595
1236 1359
1233 1208
1334 249
1573 1412
1803 604
530 1364
699 1056
1975 862
1082 1426
679 1961
242 143
1126 400
1018 1877
419 752
419 1957
1253 169
1798 293
122 542
122 667
122 1956
1308 212
592 899
1588 1671
1044 1505
1044 1015
1428 986
1428 531
75 94
1562 1484
1968 928
1535 146
715 870
1249 558
1349 1404
1701 1376
1701 1149
727 1000
727 1057
53 925
959 126
959 1670
513 1008
513 1912
761 308
752 1692
752 1957
872 907
395 1629
395 773
788 1965
103 1816
31 626
1 2000
1088 498
579 805
396 683
1692 1957
305 1037
314 1434
314 84
1713 1277
719 1296
719 297
675 1300
675 1970
654 1907
564 1417
1154 1899
492 917
451 445
1732 478
1025 688
1656 1855
1298 630
1457 1953
562 118
1969 1173
874 1493
1000 1057
1496 468
716 183
716 1698
870 648
171 1740
798 1627
798 720
1120 486
34 622
34 1406
1207 1921
448 1662
556 1316
1941 1499
1898 264
1898 1720
674 1737
1144 627
646 1974
1048 600
651 1264
325 668
1823 1754
1033 1789
570 1467
431 1299
407 996
1352 1668
428 832
1372 1612
1372 187
1372 274
295 447
1118 1351
224 1810
496 39
1075 1894
1765 1802
363 1813
526 1260
1693 21
1693 360
1815 1339
1408 1023
644 1567
644 312
1748 1556
1447 1989
499 1702
499 1552
518 237
518 593
1654 680
1612 187
237 1083
237 593
975 778
1829 1686
779 1242
1505 1015
1094 952
1350 1440
725 255
177 1592
887 1628
1004 541
1870 37
848 1362
848 836
993 1777
1610 769
1218 626
1218 1310
1631 1668
584 46
689 1398
1266 391
704 29
52 1001
394 258
1909 647
1357 755
1119 633
853 16
1704 1003
1159 1054
1741 1045
1181 1956
1185 1628
456 29
88 302
410 163
1876 973
444 1348
23 701
1504 664
1110 1716
664 531
581 1709
304 1520
670 671
1178 1769
1368 711
1281 1530
458 1947
1702 1552
1702 464
821 799
576 1228
1567 312
946 1469
799 1706
1272 205
1918 1467
986 531
791 996
980 601
632 253
948 1052
1104 1639
1104 35
819 438
819 1808
1896 1902
1552 464
834 54
438 1808
187 1500
1671 1616
1805 944
345 1623
678 1545
622 1406
1492 1335
1593 947
291 1921
330 820
1551 955
1919 617
1623 1948
320 1039
1388 963
1390 1256
1109 1977
734 800
741 1052
284 170
300 1316
1932 786
1068 994
505 84
1627 720
440 600
898 896
139 298
961 1497
748 548
906 1225
893 498
1904 1031
680 829
738 99
101 1179
1264 735
377 360
1321 816
256 785
264 1720
1912 1487
138 695
1241 1188
1978 413
1550 883
