5000 1000
687 310
687 3264
310 3163
687 4451
3264 2751
687 3360
4451 2223
4451 4641
4641 3879
4641 2493
4641 4159
2751 3190
3264 1724
3879 1579
4451 2819
3360 4824
3360 2087
3163 3658
2087 4530
2223 1884
3264 3118
3118 2396
3879 4458
687 1722
4451 8
1884 2491
310 3035
3658 978
2087 1274
2223 403
4641 2325
687 1711
4641 156
1884 1227
4530 3497
403 3944
1884 2419
2396 4955
1274 4879
4530 2487
2493 2761
3264 2822
156 3825
4458 1739
3360 2997
978 4383
310 2128
2487 4297
1227 3206
3825 199
2128 347
4159 1462
2819 2949
199 4027
2751 583
3118 2201
1462 4146
4824 940
2822 3617
2819 1830
3944 3093
3825 3800
1884 4585
310 4167
2128 4185
1711 1714
4458 4693
2087 4782
4458 382
4458 3602
4824 4097
4167 4511
2087 1468
3658 3934
2997 3804
2997 1279
2325 1080
4824 1901
3163 1255
3804 2686
1714 2233
2223 1284
1724 3529
2128 2884
2325 4377
4511 3260
4530 3227
4377 1838
2233 1190
4097 1747
1279 797
1255 3907
1284 4115
2396 524
4115 4882
4955 117
3093 1409
3617 4629
3944 3683
2396 1580
1838 4942
2493 1516
3190 2160
1884 2916
1884 1569
3658 433
310 3425
1901 1452
3529 2449
4185 4360
2419 3102
4942 2687
199 2737
4159 2963
3163 3376
2233 1066
4297 3995
4383 359
3227 2623
359 2851
156 4619
2419 1171
1580 4074
3425 1268
3118 356
2487 560
1724 119
1722 3099
1838 3939
4383 1638
3093 1323
4641 188
4693 534
2949 2833
1279 1946
3260 3640
3035 2502
3995 3899
117 3484
524 2660
1569 781
2623 4219
4360 353
4297 4665
4458 3912
4955 2988
3035 3307
2449 1042
3190 1294
3658 1642
2233 1373
3425 3042
2851 4885
2737 504
940 1397
433 3149
4074 2363
1279 3480
2201 4430
524 881
3099 4886
978 3024
3035 1314
1255 3358
2419 4669
1462 987
1468 234
3360 2569
1409 2492
3484 1603
3149 3796
403 1501
2491 3350
2997 3145
2223 2378
3163 4220
2851 2765
3995 615
3617 1163
403 4514
3163 4112
1714 2630
4167 1636
2765 535
1636 3773
433 277
1279 3701
3944 3630
1080 3342
978 4776
1711 4529
3099 4526
4115 4957
4955 1153
1227 2542
2542 4329
2160 2899
3804 1502
3602 2673
4377 4016
3035 3715
2761 673
234 196
1190 2359
534 3962
3879 2718
403 2125
1636 657
1838 609
3425 605
3376 4413
2851 3253
4016 690
1373 4397
2963 2482
277 2967
1163 1622
583 1733
3879 3513
359 346
1468 3539
1642 4079
4514 3157
2673 1410
4879 4726
4097 1833
1516 186
8 766
1579 3173
4942 924
3206 509
1714 28
781 3372
3157 2162
2765 2094
797 1582
3773 1759
1884 3543
3227 4786
4629 2947
987 4201
3190 116
2491 3075
3796 4400
3173 2591
2223 1282
3602 3647
3350 1053
2963 4831
4693 3772
1711 655
3825 4064
310 4838
3075 4778
987 3694
1171 580
4831 2706
4526 3507
2851 4457
4297 2267
1153 1934
4377 4446
3042 636
382 1522
2160 1304
3206 174
3190 2599
8 3397
4185 2570
1739 1825
4786 1786
1825 4600
1502 1315
3264 335
2997 4186
2916 1574
117 4988
3640 1485
3796 974
3507 1705
1502 81
1397 3516
2591 645
3484 3930
1153 1558
2492 85
4665 3696
4886 421
3342 3601
657 4198
1786 3059
881 700
1580 1407
4112 1476
2884 4813
560 25
1579 287
1830 4187
1409 481
3658 1763
25 824
3075 2792
1884 3429
1314 3611
924 2732
4446 3491
3601 3745
359 160
3930 1309
1304 2801
2718 1635
2491 2018
2201 453
1282 1356
2630 3840
85 2744
1373 1597
1830 2435
3227 4610
534 1512
3099 1939
3307 1076
4831 398
1076 1016
4511 4020
2502 2828
3772 3314
85 3675
605 1871
2801 1146
1314 726
2491 366
2201 1361
3640 2461
2087 1414
974 3762
1274 1767
4079 3383
2128 1182
2949 4316
2751 3987
1153 4959
3617 2076
1884 1451
4112 3857
3102 2136
1468 3650
2087 3212
1759 1007
3773 77
4016 4606
2660 2974
2744 3938
1361 2985
1397 4842
1558 3642
4585 4189
3497 1756
1756 599
4669 2607
4219 4907
4201 3299
4219 3472
3987 2615
2949 2062
3987 4926
4629 650
4988 4072
726 3868
1268 4268
974 2361
4219 2513
4907 98
3930 4531
1580 1403
4641 3091
3907 1952
3539 4384
4016 4246
1042 1195
2833 3337
1066 3761
3868 4495
4886 2021
2916 3366
3253 4602
1597 3668
4115 4061
2963 4533
353 4269
3360 4088
2233 932
4778 1503
978 718
3059 3045
1512 1809
4959 3801
2974 551
2136 3915
2985 3963
356 3898
2128 745
4329 4326
766 2078
1838 4059
1361 3955
1901 2066
4495 2983
1407 128
3264 1127
3358 189
1080 826
1268 3703
4782 4660
1127 4083
2492 78
3307 703
398 842
4397 3890
2223 1365
2591 825
2021 3651
2461 4804
1268 3420
4842 1425
3745 4595
3611 3941
2361 1418
766 1011
346 2075
1011 1347
509 288
85 2779
4529 459
1294 3536
398 3644
551 1141
4988 1539
4693 3301
4167 672
3701 3156
4329 214
1558 3036
4383 1183
214 450
3301 2408
3342 452
1579 292
4886 3733
3536 423
1053 2968
359 4826
3938 2760
2363 2740
3480 4330
2760 4464
3601 1626
4595 282
189 1766
700 4096
3299 4730
3601 3670
3212 269
2570 3910
2828 988
2899 3805
672 751
2160 24
4079 1527
2751 2337
3360 4512
2094 2641
2761 1254
188 1229
4061 1683
940 1244
2899 1291
481 3569
4907 4991
1403 494
2607 760
1901 289
3955 420
3805 3880
4602 4205
3651 2302
3880 1481
1195 990
2162 2804
1809 4927
4079 3889
3912 3945
2125 124
156 2485
3868 2659
3190 2512
4074 2195
3425 1734
4115 3160
2062 1443
421 533
3879 4190
1407 713
2233 3758
1268 2072
2018 2480
420 1337
2363 4120
366 259
1636 3574
1007 3224
3190 4890
4782 2830
28 2714
4187 1695
186 3011
1365 4293
452 1269
4016 2394
1734 613
4726 4291
751 4278
1597 3065
1425 1438
1066 3416
1337 802
1952 902
277 4500
3715 1172
2761 3238
824 3017
2195 4203
3337 4765
1833 3051
766 3241
1304 587
4957 7
1642 2897
234 2938
4890 4589
3733 4960
287 2597
2737 1162
359 244
4088 4181
3472 3698
766 4434
1579 573
2801 938
1361 1742
687 4416
1579 2261
1182 3389
2916 4463
3880 3746
3630 4107
3796 696
1946 4480
3670 705
3206 909
3212 3066
3944 2783
3238 4663
3539 1795
4531 4240
1195 1621
1636 1129
4246 4303
4641 3304
3647 3781
4842 2975
2897 4504
842 1708
156 2306
2983 1257
3930 1824
4511 55
2491 2124
4097 4014
2833 1564
1016 559
2967 1525
3899 4845
2779 2384
3045 4893
3694 4554
2128 2426
2066 1214
1695 495
1485 4806
2394 1105
4641 4355
3805 299
1838 4828
826 2113
4663 1114
573 2013
1304 527
4831 1234
3910 1211
1476 1017
2072 4968
3670 1880
1564 3599
3746 3338
1502 1859
560 3349
2673 1437
881 1465
1722 1116
2801 279
700 2422
826 4880
4480 3394
509 1002
4181 1322
1322 4733
1322 1169
4107 3340
1622 22
2480 4963
1714 3127
3383 4871
613 3717
751 1818
3694 2303
3963 3343
4595 4686
1747 1411
1579 1311
1309 3558
4088 1821
77 2873
3036 2293
745 3802
4589 2003
4059 591
3650 3798
366 2709
3093 1890
3898 2539
3429 364
2021 51
277 4214
3513 2520
2359 2680
1425 3526
3762 931
3602 1605
3011 2252
188 2176
1756 3725
4072 3013
3338 2275
2072 4901
2384 2742
924 2902
1539 4098
1695 1419
4397 3202
4146 4676
1527 4523
421 2815
4526 100
4278 280
2113 4980
3093 2820
2261 575
189 2444
1163 1682
277 1379
3420 2239
1767 4080
1626 270
3717 2972
452 4292
4098 2338
1195 1032
1274 4251
1901 2955
700 1427
2659 4582
1169 3295
797 2610
3733 3616
2744 3311
2597 3225
1824 631
2591 4474
1418 3467
2160 3104
2916 4734
4828 2724
615 1194
4733 4225
645 698
4988 4234
4765 4724
280 3488
3091 3783
1244 154
4893 4013
718 3759
2512 4716
2252 3661
3670 441
1642 1865
2512 3589
4926 2756
356 4732
4377 702
1190 263
1880 3345
2714 4618
282 4153
1163 3760
1211 768
938 3124
1503 2
1211 3591
4112 4919
1294 2282
2361 4121
2094 2197
3260 4609
4500 3723
2422 2098
3206 3476
2338 3496
1739 487
353 192
1733 149
494 130
2018 4825
560 3721
3035 2869
2988 629
174 1210
3801 4857
3941 625
2742 2882
2502 1999
3890 2281
4074 4787
1269 3992
2378 666
2512 3158
85 1175
4214 467
4842 4336
1683 4547
2502 2463
1452 1929
2542 1915
696 2238
1838 1581
1527 3492
655 1184
3036 2531
3733 4119
3962 4687
494 1273
199 474
698 3423
3934 3638
1373 3493
2493 2601
3536 1575
4416 483
3783 2172
3798 3461
509 2271
657 1199
1169 1846
1818 2454
4074 3359
4064 618
4220 3808
2983 4379
3773 74
3492 2654
263 1302
4669 2525
1603 4577
1597 1507
4329 4275
4190 342
1626 2429
4061 113
3840 3391
356 4228
726 3931
583 597
1636 856
116 247
2337 3396
3104 3282
452 1148
1016 4021
1257 2886
2963 1191
4886 418
1884 4985
1066 4108
3931 1992
481 1143
3880 844
2963 4380
3569 4607
2271 228
2740 4873
353 4089
575 1632
289 378
1066 3906
4061 1212
4146 1405
504 1931
2761 64
4464 4931
3638 2618
4201 3996
4778 637
4119 4789
263 1851
3996 4496
4496 4456
842 2036
2076 2911
1503 634
3158 1222
931 4423
4676 3205
2737 430
3051 243
751 929
3642 500
4600 2353
3725 4338
2076 1659
3644 2632
1635 2362
4589 1602
4464 1758
2113 339
2947 3925
4960 2553
3616 890
154 957
228 1445
2502 2294
609 790
4582 1715
1011 2278
1846 4118
650 970
2454 4877
4901 1380
605 482
4219 4576
2899 3393
2325 908
4693 61
690 3007
3804 2167
4828 338
938 561
2125 2232
3224 33
3065 392
1929 3620
3238 1223
583 3531
3366 2731
3992 286
3801 737
766 1028
366 3088
1622 2083
2525 1092
3802 2400
3992 429
2162 3153
3934 4843
2454 1236
2384 2544
825 2192
1468 4285
3620 1334
3723 2381
28 758
3898 1029
1214 3428
2094 4763
700 283
4360 4449
117 3174
3497 1975
2687 1444
4716 3597
1146 757
2673 2933
4919 3547
3597 3390
4292 1691
1443 3473
22 1270
1274 2104
4430 1082
3007 4936
4463 2683
1975 1827
4825 4640
509 2581
533 1096
3962 915
1884 4264
292 490
561 1594
1830 3538
2362 1806
4098 4643
3104 2614
3011 4138
335 4333
690 4753
509 388
797 4699
1153 4962
4303 4155
2902 2417
4083 2900
124 419
482 1253
1096 1710
4326 115
3013 681
4088 2112
259 2024
1522 3606
4882 880
3513 3856
3343 1186
1418 3044
3987 1326
4618 3894
3394 2182
1007 2030
1766 476
2125 3457
1622 2587
4275 1044
196 3578
4072 4283
3429 4540
3808 4226
280 503
3675 2095
4778 3845
4669 1412
4269 2745
3889 1651
3798 97
4190 1340
4074 1562
4283 3216
4297 129
1915 4123
4228 715
3995 4065
2581 1249
3088 4793
4871 1911
1827 2676
4693 4754
2623 4347
3617 2430
2933 1349
2024 3833
1695 2123
3488 2130
423 2692
269 4615
1349 2458
61 3690
2463 761
3762 752
4228 4983
2899 2811
2724 3303
1291 3836
3376 4605
3390 2624
503 2708
1214 2047
3042 31
1739 1644
3773 230
4326 1
1579 723
3715 1376
2353 3130
4159 4
587 4298
4955 579
2676 2980
723 1692
4074 1008
4530 2561
2692 4861
4793 595
1380 2567
561 4667
1334 3430
1827 4760
4667 719
2449 3977
3772 1263
3130 3141
1163 675
615 4701
4643 3305
2124 2693
3127 3486
4336 3970
3758 4769
263 3743
4861 4460
4220 1245
4693 492
243 405
280 1864
2036 2011
3212 451
3808 14
3118 1812
687 3776
3992 4815
705 1416
4776 830
1016 4368
681 1209
1758 3918
3299 1298
2293 3336
4219 3913
579 2079
270 3074
4205 2527
366 1895
2337 2806
4857 3896
263 562
4185 1378
908 1523
2811 3548
51 1061
766 416
3800 4018
3311 436
382 2799
3661 4735
613 2620
2491 4775
990 1000
4292 2753
3304 4741
4735 1618
3899 1903
1503 4170
3303 4390
3299 716
3930 870
4547 862
3104 1150
3343 2149
1733 2582
4980 895
1502 190
4885 798
4220 1120
895 4868
124 4006
862 3692
128 4348
895 1630
3805 118
3359 4342
3042 34
2458 71
2708 1207
4326 3053
1525 315
3758 2540
4112 2025
3690 1941
4890 3714
2197 3388
2098 1040
1017 4162
503 2256
2487 2250
64 4964
3602 3926
4500 4142
4793 674
299 3112
3808 2585
3836 1144
1915 4412
1911 2787
2426 912
824 127
3212 2222
4886 651
3091 325
3205 2318
1211 2214
4121 2464
583 1943
115 2354
4291 1560
4641 2509
4927 2288
2830 2684
3206 3702
1501 3080
190 903
1416 2385
3299 710
4619 1823
3783 1177
3343 1905
1485 1544
2123 4924
3340 2578
4336 4122
881 2789
2947 2229
1148 4866
2464 4048
3907 1352
1269 147
3241 1235
3299 1012
2396 2093
1096 1372
2381 2565
1915 295
3118 2091
2318 4501
1150 2387
1315 4388
2911 2508
4595 1075
4264 3079
4016 4343
990 3643
310 4897
3890 3120
1141 3525
113 105
4609 1765
1692 1570
3617 1974
1146 1400
631 3252
4220 2310
2873 2727
3120 363
3796 3888
1462 1611
234 3971
77 992
288 4001
154 526
1143 4943
3253 408
1711 652
3745 4972
1527 1690
129 4011
4600 4572
2542 2584
1274 2905
4285 1102
4523 2736
1880 1180
4924 2010
3668 4808
2988 2071
768 2918
1361 3434
1172 644
2233 2532
2261 3604
3992 1447
4138 3339
3589 3395
1274 4979
1569 3380
3127 4645
100 1287
2361 1478
2565 3936
970 4076
1254 3135
2419 2165
494 3546
4595 3412
2581 1654
234 1434
3658 3114
3638 4254
1626 1612
4786 516
127 4536
3772 3117
2724 3408
1007 3917
2884 3217
4514 4578
3017 3155
4269 4095
4079 975
117 4799
1212 1423
3977 2847
408 4691
4866 779
4021 226
2136 168
2828 1874
228 3610
4907 1950
1096 1505
3492 235
1195 3859
3390 2837
1824 2989
2727 934
4061 1350
2201 1877
420 4494
2819 4148
1212 4044
3548 4722
292 1221
4496 3682
4578 177
3845 1432
3682 2473
915 2348
1229 2323
1734 4941
315 4232
3303 4378
2167 4129
3804 2818
4808 1296
2485 2782
2036 3554
3606 60
4072 2516
3059 469
226 2409
3907 4574
24 3949
1806 3961
3045 4522
4873 4444
2782 1009
4815 3822
1597 4534
3917 4247
1742 3720
4531 3201
4170 3892
4610 2841
1830 3561
3212 1839
4329 4244
2897 3377
416 1610
2502 2656
1279 1595
4329 4408
2136 1299
3366 3188
4529 2993
4434 1536
2233 371
482 3865
234 3712
1378 1723
1476 1559
4343 1980
3721 1345
3759 952
509 660
870 2118
116 2211
2654 4761
4333 1453
2337 1324
2275 704
2252 52
3007 2590
4763 394
190 2150
2239 47
1579 3664
2736 3787
4076 1729
4615 4953
3664 3324
2968 1357
1432 1119
1141 4773
3303 4105
4185 3369
1838 1277
4203 3137
4108 3184
1612 3284
3536 3028
2385 2215
4931 1607
3694 3794
3155 2488
4115 4584
3153 3279
1423 537
2779 3292
4514 1704
3028 3474
113 2511
2482 2007
2660 4067
4806 1685
3892 1181
1263 3138
1516 3663
52 4019
1704 3049
752 2285
3675 3706
1890 1599
4968 1927
1603 4117
3292 3321
2693 4891
1599 1782
4699 2518
4845 4312
2692 3914
4390 4628
2337 126
4020 3965
4530 4352
4534 2193
77 3553
1180 3161
3091 755
263 1216
2692 686
3880 3954
282 3219
2512 4362
4582 3353
4959 1754
752 2152
4500 2735
2587 3069
1296 410
3350 1876
2323 4192
129 23
881 4385
315 4332
1611 2442
2508 4302
1806 3596
4464 3872
3074 2200
1040 2996
3118 3483
3758 1504
4016 4518
3066 3520
419 1134
1895 3820
423 1046
1527 3466
1044 1998
652 3437
1478 2575
3963 1783
2610 2147
4368 832
2293 2589
3292 1529
310 1672
147 3487
160 3964
4129 3986
244 1085
3045 2324
1544 2462
3964 3790
751 4860
1416 4447
1195 670
1659 1178
660 4005
3892 3662
3930 3935
4760 917
4615 3823
3992 2664
4842 3374
2079 4166
4129 4738
3733 458
2963 87
4686 2376
595 348
4159 1426
2256 4622
2751 3452
4329 2832
1767 4543
450 391
283 285
3954 4317
3602 3852
1890 4215
4059 3989
1304 2440
3138 2264
3926 2915
1075 821
2756 2451
4618 4900
1172 2262
4985 749
1582 2061
2417 2917
1268 1624
1980 2367
3264 1619
2811 1543
3662 4441
3783 3495
3852 2991
3682 888
1183 3489
2071 1348
4880 4570
2458 497
4602 2279
1134 3901
3472 3245
3423 404
2215 2060
1075 4213
580 2019
113 4689
1352 4790
1632 4230
1824 1546
1361 2843
2197 2257
2623 4881
3227 1942
226 2134
3035 4258
77 3755
2673 183
4776 3730
71 3186
4232 281
287 891
168 980
3051 262
3311 4694
4669 3641
1929 632
2376 2699
3130 3327
615 1698
1229 1957
3007 602
3066 626
4153 4420
856 4255
4074 2373
2567 3853
3372 3274
3497 1886
1085 4743
3412 2089
1880 4405
4526 2548
1171 4712
1642 819
1419 4262
359 4350
1423 656
3647 1208
403 3542
4824 2242
3396 3469
1223 1954
394 1745
129 2346
2833 1988
3473 1422
3872 3855
4943 2602
299 834
3158 4407
3899 12
4732 3887
760 1984
7 62
1954 54
1427 3780
573 1151
4006 3443
938 3329
2905 1377
2376 1310
1378 1246
1349 3634
4021 82
4011 3404
4447 3573
1171 4976
3690 1072
4181 39
3260 2296
3543 1902
4420 4596
1171 2550
1234 967
3206 1317
339 293
3338 3444
487 1688
4526 3406
4407 345
3219 112
1175 742
3145 223
3112 3976
4170 2733
2972 1491
2072 668
279 1590
4413 217
3879 2652
842 4497
842 2796
2239 4770
3369 1989
1698 1584
3160 3236
4115 4739
270 4829
3380 598
1380 789
719 4696
3610 2114
3717 606
3801 3331
4641 1593
752 4052
4955 291
4842 4085
4451 3765
3642 4060
3611 4862
3408 763
4096 1551
2736 796
283 4249
1544 4975
1175 515
4775 3871
1287 409
2061 1417
4297 2657
4694 1924
3915 4199
4815 3998
3324 4917
4146 1944
1447 1440
1323 3159
4991 1728
4582 3288
632 4679
3963 2726
2310 3585
4385 3695
4514 2658
3610 4472
2010 3442
3329 3900
704 66
1186 740
418 3180
2201 4914
4572 2443
1180 2720
3059 4391
3049 1849
4879 446
4076 1045
1478 4017
12 4369
3507 4796
1621 3500
4522 4499
3760 3449
4983 3718
1818 3831
3871 3579
2193 3402
243 1388
2147 302
1284 937
2783 1976
1236 1331
1812 3364
4660 1493
1594 3875
2201 193
789 3111
4198 4144
2744 1973
1493 1668
4420 253
4901 3940
3804 18
2744 2945
3495 864
2192 900
2444 958
3217 2758
2787 1831
1323 3799
4302 4515
4362 4637
4804 722
3036 3614
3822 2277
3202 3068
3949 4945
1287 2312
160 4308
2271 3648
2851 1706
1522 1280
420 889
3305 1845
4120 2613
2742 1592
4857 647
4446 2101
2442 2403
526 2334
1282 2204
4743 4887
2098 3740
1148 2600
915 2416
2532 15
4941 1059
2271 2543
3857 2864
4021 4994
1767 470
1593 2650
4536 4586
4226 1627
1380 2086
1839 2067
3538 3015
4619 4951
2409 3581
2630 3315
4663 4432
4350 2102
768 1556
4891 4143
1950 1360
85 2034
4269 973
3940 139
2373 1278
2060 557
537 3136
1388 84
483 1648
1729 3797
644 1885
3796 417
2067 3629
3493 4833
3516 4657
1045 443
4430 375
2353 3874
2262 617
615 4961
1214 477
4247 2763
4390 1271
1931 1065
2463 312
3516 3176
4246 3672
2882 3795
3853 2017
3217 4094
1246 748
2765 600
881 3674
3954 2452
2897 2050
3338 2690
2250 3844
3416 3286
4098 4417
3513 232
2684 3729
4170 4424
3641 3123
4570 823
1268 805
2354 2289
4945 2127
4936 4486
1277 464
359 4840
1895 3125
339 4848
606 3222
3599 3532
2 896
100 2077
420 48
1468 1238
4689 778
4407 3291
3349 1351
4577 630
4734 4633
1423 2573
3372 738
1501 4267
147 1500
2076 4690
2983 701
881 1264
4027 3384
3672 1202
2492 907
701 3867
2732 498
1683 1897
1331 390
3889 4091
668 76
3977 2636
830 1341
3642 2340
3998 1230
1453 998
2361 4191
2832 2651
4181 2207
3291 1160
3035 4321
2692 884
4347 170
359 1530
3703 2759
3444 2959
1491 4396
881 1404
980 4403
1890 4340
1326 2678
2763 3813
629 3078
1851 92
2400 2135
3675 4376
2452 3886
2709 2427
2654 3325
3467 4517
2787 197
2387 3727
1651 3956
243 2871
652 3932
3321 2634
3852 2043
2548 2051
2019 694
15 1601
3554 2358
503 2099
4868 4345
1733 35
2378 2695
1102 989
2358 578
2461 2521
3325 793
4585 4099
1839 4758
2348 4569
4355 4709
2278 667
1016 256
3857 1515
1818 99
35 4966
4159 608
2658 2769
4848 4528
2664 897
3434 1179
226 1258
1984 145
1525 153
3452 3843
957 3984
1141 810
3035 3974
3650 4277
4782 4339
4709 3590
1562 2691
4094 1788
4518 1879
2581 4896
2632 121
4190 2457
3852 4489
4610 3980
1485 671
1403 4940
1373 2962
4877 4755
3161 3815
420 3083
3695 3426
3675 2168
4775 770
2123 2935
2634 3010
4348 3459
587 3560
2239 393
4317 1780
3935 4592
3114 4620
562 57
2278 4202
3157 2643
2451 1591
1315 3363
39 1313
534 4970
4796 2537
1682 4290
3888 3418
1347 1099
3712 1947
62 565
3461 4440
1411 750
2104 1930
3480 2208
3284 3226
1287 4544
1238 2413
2714 1616
3996 4681
1947 4238
987 3985
4074 3689
1635 4103
3855 1751
2387 3551
3868 4814
3894 899
4112 854
2114 2973
3219 2159
3295 1013
4199 4210
958 275
2112 227
2182 995
2915 558
287 4683
4609 1241
2650 4967
3938 1204
2378 3478
2409 257
2733 3235
4683 2360
710 506
4765 3263
3986 1487
3360 4623
3104 486
2822 1039
1711 3626
609 3508
2550 3046
856 994
4544 2210
3539 415
3369 2103
3080 3237
1733 628
2400 3997
4210 3362
2847 996
2303 593
1886 4762
1238 1145
1618 2621
3184 3947
492 2460
366 3275
1877 3834
1163 3244
3971 1225
1824 3742
3977 1889
3013 2927
4577 3273
1065 4140
1763 4154
4940 4366
4275 3463
1326 3557
704 2535
1258 4221
3153 3523
4464 1740
899 3927
12 2020
2759 785
3036 4556
534 3021
1191 360
1516 2369
287 4884
1238 1015
1211 455
779 1854
3758 4590
726 4031
2521 3654
3723 3464
1901 1720
915 357
4332 2455
1593 3352
275 4869
1992 4452
3962 1156
4214 4599
2007 735
2575 3736
4214 1907
2043 2712
4967 41
4517 3439
1373 3041
2294 2065
4098 1293
696 1956
2634 4981
4804 4913
1695 484
958 1881
4170 4674
4153 548
2159 3031
3630 3991
4297 2322
1039 2866
2281 2566
2916 2115
2652 2315
3714 910
3065 1815
455 2059
3890 1288
1611 3289
4142 894
1345 4876
117 2713
4689 3946
4060 2456
3429 3937
2620 3367
700 1557
3815 1781
1462 351
3500 1798
3733 709
2973 3530
1412 4493
1361 1669
429 489
1373 1548
4048 4557
4663 402
1053 3106
4416 4711
4917 3559
3380 2675
1487 720
1412 1461
2787 1814
4011 4561
1144 2048
3617 2929
4494 3378
223 3960
2223 2559
469 1121
2338 103
1263 3410
3548 1665
3650 274
4493 1855
1767 941
3949 1260
3391 1858
4913 1967
3065 1962
1544 3994
4877 208
1299 4832
1594 3318
4880 3988
2104 1369
830 3254
1505 1755
2621 4834
1570 2251
2242 811
645 4652
3970 2054
3428 568
3887 1111
2542 4566
4945 2667
3956 4695
2693 2085
2264 3750
2261 2952
2830 2612
4350 4300
1119 323
3275 2004
4096 3534
2147 2633
2325 4428
393 2826
4540 4289
3538 1387
1156 4318
1191 4844
941 4194
4103 3957
3900 4792
1854 4802
2115 1872
1897 1853
4377 546
3692 439
1210 3482
4802 3143
139 1098
4350 4772
1786 746
126 4810
360 3851
3428 3624
1254 2246
583 831
2511 747
4942 132
618 2244
132 3829
4494 2738
4219 3281
1901 3257
3599 3751
1183 977
1939 1913
3305 2773
4963 290
390 541
1356 4490
453 4183
895 3673
3629 4688
1171 4073
1012 3110
4333 3619
1080 4381
1560 3280
4600 4977
3634 721
3496 313
4391 220
3538 4437
4065 4818
1085 739
1065 148
3629 3665
1505 2386
3500 767
4190 2240
364 3033
279 2956
1119 2631
1522 1088
2456 3959
2968 588
3945 1472
2988 2100
2822 708
1580 2896
917 4039
4582 3741
47 3194
115 194
3428 3119
4088 1107
1434 2555
1066 1031
1544 616
2239 4820
4181 1353
3408 278
4792 4671
3321 1721
4251 3583
282 659
4403 1836
3721 438
1579 2070
1012 3319
3750 2778
7 2166
402 4411
84 3646
4162 1495
781 2829
3120 2816
92 1813
4787 3549
4199 4393
4474 2209
2502 945
3808 4481
3136 4851
3960 344
2025 4286
78 43
2101 648
565 1718
673 2053
1210 2526
2464 623
605 4612
4942 1860
459 865
4574 2410
2664 203
2007 2224
675 1677
899 1112
4338 1585
2512 4998
761 1760
3159 73
2165 1534
2945 377
1877 1663
2025 4616
3930 3171
2933 689
4098 2682
1356 185
3539 1857
2744 1822
1950 3086
2613 3213
4901 1979
3483 2203
2197 3819
4501 1301
4998 3754
371 4266
2952 839
2115 2040
227 1769
2819 949
4340 1995
398 570
1612 4274
3476 297
4880 2558
4640 4488
2988 2890
2570 1997
3589 330
4405 863
3702 2479
12 4223
2385 2767
908 4952
4695 1674
168 411
1046 1019
3796 4746
310 2510
4343 1095
657 1490
2763 468
2488 3371
3467 2748
4813 3001
1491 3550
4686 1916
1365 4070
1453 1898
197 2143
1584 4314
4326 2234
2444 4100
4452 1396
3206 3848
1107 29
12 2919
2597 4049
2193 1060
1626 4465
2816 2411
623 4086
2630 1456
1947 3870
3186 4231
3476 358
3802 296
2360 4207
565 4562
3857 2414
3949 2824
2756 799
4329 622
358 502
4434 3166
1061 3152
2612 3341
1214 3103
259 1338
3252 3657
4523 42
3069 2984
3624 2921
3339 4708
3083 1441
3525 801
2623 2932
4497 2319
2558 3498
2566 1882
2824 1948
3604 1131
18 2185
2760 4702
3217 3633
2396 181
257 2181
4585 146
2323 508
2078 4507
1150 4670
1426 407
3412 3081
3374 2536
2394 3139
2289 2190
2735 979
3692 215
723 1801
527 4947
3746 3020
39 898
3695 465
2597 1386
1648 2874
3119 887
4770 664
403 1617
1304 1667
793 2405
1575 3060
1002 4356
702 3417
4089 820
3574 2743
1603 2161
4913 4715
2783 4872
4317 5
1241 2248
2553 2141
2435 38
1468 3884
115 4025
458 1010
631 4294
3589 4147
3754 4705
2539 1552
2841 2856
3318 4938
1745 1262
4554 2031
4900 4322
1603 4224
3452 1749
2916 4564
3237 1524
1824 3256
4699 200
3692 4864
4416 2109
208 816
48 4263
4806 2292
4643 808
2013 2297
2745 4944
4914 4895
4348 4305
1601 3592
1915 1888
393 2595
4988 4315
3915 2538
2493 21
3870 1336
2130 2749
2362 1325
3935 928
3548 1077
4381 1047
4687 3707
1755 1573
3288 175
4112 4588
4060 2647
4489 4004
3205 1480
2195 224
4018 1935
1672 164
1879 1370
2748 131
3091 1800
263 4310
1270 2850
3815 841
1045 835
3459 1791
1976 3419
1821 4839
4773 80
1031 517
4407 2421
3117 947
1739 4934
3206 1978
4457 1985
2521 4422
4027 2342
3890 1250
4616 3228
2882 1639
3350 1064
3292 3070
4162 1086
2829 4737
3184 3782
2248 1018
1728 2563
3682 851
3644 1285
4413 3972
3281 3012
1016 3446
2101 384
4144 1764
4339 462
798 3150
3758 1142
2214 1547
1934 4809
1674 3122
4962 1850
297 2425
3647 2063
1145 3265
4696 4459
3046 2913
1411 2987
3782 3766
4120 3105
3274 2665
801 2557
681 4319
863 1649
1622 1671
2911 1205
1948 3006
3938 3671
3787 4601
3934 4668
1223 1892
1121 2781
503 2157
443 2640
2167 4756
4514 1925
2820 367
3176 3789
1534 1848
1432 4468
4826 2964
2736 3172
3488 2730
1659 3518
3466 368
4533 1586
4452 4855
2756 1069
2985 4174
3135 5000
459 4237
3874 4664
4829 1174
227 2218
4083 3688
4957 2994
1850 2903
1795 4034
1905 4858
3855 1375
2994 2580
3727 3722
4776 434
4619 260
2449 3192
1314 2121
938 1779
1984 2305
2917 1275
738 3609
3384 3846
768 2316
4696 321
3305 268
1296 1970
99 179
4981 2156
2675 547
4754 4648
719 4270
2010 3753
1340 167
834 4026
4140 2752
2147 1103
2492 2243
4095 1036
3609 496
2997 2116
3984 316
433 1159
4789 337
2684 4062
390 1228
708 4392
2761 848
1934 4821
1903 4805
1851 1697
4578 1038
99 2533
1605 4774
1285 4910
1481 1166
3939 942
1148 1233
3439 3134
2034 2977
115 1005
1417 3477
722 4035
1288 1748
2536 4863
1570 1566
4085 3993
949 425
2682 3810
897 1900
177 2370
1372 2910
1999 885
2075 838
3772 505
4599 3132
4005 399
402 4239
3751 3699
903 4527
3244 4912
675 3708
797 3607
3692 822
3186 3734
4096 1938
3945 3600
4332 4195
623 2701
587 201
778 1329
4251 3562
429 1875
3974 4084
3886 954
2458 4791
3161 4548
1409 913
462 1243
4977 2041
2410 2390
1419 1951
4991 252
3894 2022
2277 4313
597 1155
1351 1110
4396 3195
1747 102
4293 4200
4709 276
4825 2097
29 3278
469 4487
1098 2909
1795 2644
1493 89
600 2593
2104 1588
1162 733
3408 1893
2071 1972
1729 3287
1783 1307
839 4053
2527 3025
4355 180
1313 2198
4648 4909
2083 1232
2765 6
838 4284
4765 1726
2575 4801
2010 3905
1313 4725
4739 3982
1683 2481
1360 1510
1334 2227
4460 1083
3696 1165
1008 2146
2222 2393
752 714
2147 4033
3396 2392
228 341
64 3204
4428 2418
2820 1168
1011 4212
4711 340
967 1424
4277 1820
4194 4996
1603 4063
726 1707
3993 4759
2897 4161
3311 741
492 1402
3672 4928
2525 1363
3059 867
3156 3332
3974 3320
4733 1097
4544 2231
4085 3356
1334 2556
4219 1792
439 640
81 3632
2612 3421
3088 250
4293 3869
3823 2286
3661 4653
256 3828
2613 4365
3800 3622
1190 1794
1325 678
3781 711
4833 1101
2743 2144
3021 3515
932 2265
1095 685
2544 1991
3513 775
2819 3631
1648 935
2149 3375
1627 3519
2918 772
1417 4024
3574 582
2455 3109
1901 569
1882 3724
3724 3777
1243 2081
1285 3148
4499 861
657 2797
3145 30
1882 532
1357 4817
498 2357
4616 151
3648 1247
3406 2268
903 242
2238 1797
884 2287
4240 1658
48 590
4011 4421
2758 3385
4855 2754
3075 246
4024 4593
116 3121
2427 3413
4400 2619
156 3037
848 1526
4879 4565
4961 4427
4531 1949
481 2045
1872 4816
2726 157
4095 1774
1836 3891
4430 2639
3780 4658
4326 4923
1412 4837
1897 4450
1950 2603
4033 3468
4400 2771
2535 3097
3173 2235
392 3450
4 463
3065 229
2089 4905
674 1808
1349 1292
3341 4032
2724 4729
3075 3504
4602 2199
4434 3580
2135 3826
1619 1554
2796 4116
4024 3850
1447 1224
1153 2860
4702 2459
51 2196
4289 3659
2152 4296
4671 3807
357 4948
1505 4175
4457 4082
2089 3908
2763 1252
3303 1489
4839 1856
4267 3089
4572 1883
634 4542
2208 2254
2508 3387
4670 2365
2203 2668
1386 2908
768 642
1723 3827
740 1969
3120 3876
2567 4078
2442 2514
4517 1330
4927 2308
1262 1289
4996 3942
4186 2032
3044 374
4352 1140
3157 2027
4308 3435
4076 1625
1512 1689
3708 2420
3918 4055
3761 3460
1017 2845
2130 133
2373 3652
3192 1541
2130 829
3421 2798
4362 4043
2310 485
770 3948
3311 2642
3560 4749
3599 333
366 765
4802 572
616 2202
1019 3749
3006 2446
2905 2329
4434 1124
2664 3788
2502 4915
942 552
811 2880
2804 4102
2147 211
1076 2689
4578 2755
1751 4141
4837 1738
4577 782
3938 2002
4530 1717
1202 1354
3807 1460
733 20
2268 981
4886 2739
2634 2055
4183 4625
4523 2431
2394 2629
4181 3322
1795 4353
4074 4846
1275 2082
4162 1138
606 2184
4619 2794
1373 3267
4792 472
4380 2058
4964 4721
1783 845
1042 63
3596 1694
3480 984
4729 3653
4832 2802
279 964
1086 1538
1468 3738
4079 542
3945 2907
4035 1448
3406 2854
4643 1623
3001 3666
3788 4128
2917 2000
341 3786
2041 2617
2359 577
3644 584
1101 142
3305 2741
3539 1474
2537 959
4709 1785
1774 4508
443 2562
3042 1358
593 1297
1649 683
3390 2163
2916 545
4858 365
4637 2380
3650 414
3738 1656
4884 4558
443 4714
498 2648
1002 4545
3141 3379
4964 3115
1297 4706
1269 4058
4643 305
3235 1629
282 2545
1512 3177
3371 1286
2481 2951
3580 3645
2312 540
4412 4973
644 1475
3393 1802
1141 4525
339 2276
4790 2309
4758 273
1822 4130
1350 4903
4238 2320
1294 4933
1304 2524
4791 4068
4313 3454
3212 3775
1585 3863
2329 1567
3634 241
2124 906
2799 4946
1322 3085
887 422
2624 3503
2718 314
2869 137
3529 120
1883 1657
1751 3824
810 2164
1715 1676
3457 2878
232 2436
4199 556
24 1049
453 1206
1642 3687
364 1433
3802 1037
1432 2088
4407 4177
2988 3577
1683 258
4118 4419
3044 4165
718 2810
3236 1640
4564 684
1456 3092
2708 2441
3160 2982
1822 3101
4102 2625
2095 284
3995 1587
3824 370
1092 3107
2826 1406
2370 1316
3852 4597
2077 4351
3321 2241
4863 3447
3319 3386
3107 4646
1036 1157
4210 4713
4254 3433
4014 734
2396 2412
124 4997
2758 4559
4605 3779
2658 1133
4006 4803
4732 3485
2621 207
2342 3055
1564 1772
4724 3398
3366 3811
4097 4260
3788 2969
2385 743
2921 2868
3546 3361
880 2978
1302 1401
1397 2515
3461 2415
3591 4012
4940 1757
3477 1709
1541 538
4528 4642
3819 2576
1032 2382
2819 1139
285 3004
415 944
1858 2681
2123 372
3585 4320
1967 3405
2319 1787
1088 837
844 1828
2235 3113
3383 619
4407 3686
4572 872
226 2605
3675 1094
4260 4650
1543 3030
4759 612
2869 3691
1102 4929
489 4798
2416 1391
3745 2307
4062 4387
3484 871
3646 2270
958 1421
121 2339
2654 1383
1150 4404
4504 688
112 4767
3549 512
1209 1670
775 3455
862 2368
3797 1239
1298 2904
1630 4644
3843 4087
4019 4654
1 2352
3352 596
4004 4608
996 2499
980 2912
384 3330
1728 2728
4774 1589
1780 611
2128 1805
3688 728
217 2255
2426 836
1205 1904
3449 3451
3464 1439
2585 1073
2128 1735
3204 2469
2739 4037
2686 4163
3315 40
2083 1790
1547 4509
2059 1034
1407 536
4725 4111
1801 1030
227 1308
446 106
1536 2703
353 3266
4738 1457
3364 1703
4966 725
1151 90
1131 461
3188 3456
928 4707
3786 4233
3363 1914
3875 4535
3434 1164
215 4002
4320 4920
2660 1887
3741 3047
3525 3705
4772 2662
1984 3517
912 3588
3690 1074
279 3812
945 2750
3105 814
2181 26
3530 2154
342 4402
8 2517
4457 2371
3574 3570
4353 1511
1011 457
4251 2805
485 4363
4366 1532
770 1650
2900 614
3872 4361
1742 2401
1911 233
4298 4057
2396 2579
1690 3298
1210 271
612 3506
3190 1968
3691 4389
3418 4956
2370 1428
2949 1382
392 3026
312 2669
1177 1389
4203 3837
2370 2849
4378 4003
4839 1479
4396 2477
1489 4736
116 1537
2279 983
1781 1466
2907 349
2031 2839
2709 3639
1234 328
526 4466
1253 852
3410 2568
2921 212
4305 4661
3318 4406
2884 2321
4213 1869
562 2119
4640 1318
2318 3
4291 1533
2689 3029
1710 426
1791 135
2559 2273
4244 307
618 1643
4232 1050
615 2188
1985 1321
2422 4898
3815 4811
2511 397
4676 1196
4816 1509
4167 2177
1588 807
3918 4752
3722 1518
4914 3162
2101 4639
12 1483
4037 4133
3844 1549
1791 2029
4582 4222
2659 953
2927 2495
4434 4182
1139 3064
74 3667
3869 169
4377 1020
2199 3752
623 976
716 833
4577 4745
541 2397
2061 4045
481 4899
1199 771
4091 3816
1533 2831
3404 3767
3867 2970
1735 1873
3569 1741
1818 2327
269 4779
814 1192
1974 699
4898 1496
988 2995
33 3540
2964 2791
4159 787
615 248
3939 2505
4586 1896
4362 3462
816 3144
4031 3883
2312 4870
3307 795
1232 4680
1830 1056
14 3054
3421 1921
500 4250
2977 3179
2754 4442
1533 2504
4881 544
4919 1542
2371 3182
3394 1996
3633 1701
4844 3501
4674 1606
8 1928
2458 4502
203 2697
2430 4259
3880 3050
4848 4992
3413 187
2367 2300
3946 3979
3380 2646
3010 847
3925 44
3439 1936
316 2925
1670 2228
4572 1993
987 2126
938 956
3088 4539
967 905
1412 2158
4347 1276
3275 1817
1011 1359
4405 2823
394 2483
4724 406
3338 4124
2984 4196
2882 1335
3760 3002
1260 1899
3303 730
2882 4287
940 2174
675 2388
1077 206
1921 3475
1935 161
4734 4306
3408 4281
467 4235
112 445
1352 729
4369 2351
1911 1673
1556 514
4397 3841
250 2105
4247 4056
1827 1744
4159 3140
2168 1290
3319 1420
2759 1492
1179 2928
3581 3344
4428 3613
224 3128
1877 1535
4237 385
4526 4649
3397 1750
4572 3268
602 2259
3079 2685
1407 1937
4946 3728
932 4126
2738 4819
4053 706
3942 3756
2302 1832
596 2808
2306 4999
648 2336
1902 2138
1921 2314
4388 114
4569 2946
4721 322
3117 712
2119 2379
3033 152
4944 3656
183 4937
2565 195
4616 4271
404 1863
4317 2858
3886 3258
3068 2432
3020 4106
1883 3791
1980 3565
2769 354
1734 1327
6 4169
2843 4651
4882 1459
3088 4859
1682 1058
1998 564
743 813
3826 4054
4814 2958
1833 163
2086 2035
2051 1123
4220 3000
4456 4513
3256 3255
4866 2840
1605 454
1273 3208
4831 4935
223 4217
1904 531
894 555
2907 828
3496 3595
758 877
2479 141
1452 1137
1551 2702
4247 4051
4602 3700
1492 3297
4468 1700
4653 1811
2566 4503
3150 2729
3777 1807
750 2762
3896 266
2964 2888
1015 4357
881 4114
689 1696
2158 3983
1072 3739
2985 4742
2520 4847
1315 303
3639 3748
1947 2489
4734 2859
4366 3902
1114 3909
1396 2688
2873 2723
1585 2221
3742 3414
2201 1990
1683 4453
2806 1430
4945 1652
4668 3923
3475 4546
3297 943
3304 1219
1029 4335
672 2084
1069 1130
3851 1926
4087 1025
3917 1793
1774 2344
342 3564
1042 4581
2575 1843
3742 4728
2277 1966
3358 3203
2458 4841
1605 4624
4274 1826
1002 4794
3208 3209
411 4830
4674 2206
4060 1398
3663 158
4219 571
1592 238
135 1712
3525 1731
1340 460
3946 2217
1065 1497
1691 3528
1451 4295
2714 478
2481 4229
1388 380
711 3008
4705 2717
2002 601
416 4978
1526 1555
593 3248
1606 4110
705 396
374 1922
3868 3207
208 1486
4493 1193
4419 2943
3653 3793
2300 4659
3150 2776
2538 1614
1211 4984
4286 1488
3519 237
1010 2926
1238 191
77 4626
4032 1517
721 1408
3788 4788
3097 4553
1825 3306
3007 1052
3730 3803
4816 2219
3330 1014
112 2901
2896 1841
3020 840
524 4971
4322 2942
3905 2649
678 3660
2850 916
60 2954
325 641
4657 3445
1357 249
4033 3685
4107 2169
2348 3555
1396 4135
4105 4740
2201 4373
2524 2795
4084 4892
3480 2552
4215 4125
3750 2889
4302 3860
3028 2965
2411 3348
211 448
3171 3061
2461 4718
4291 1520
1025 1686
2526 930
2651 4784
2947 4560
2127 2863
3359 1084
2974 355
3376 2564
1241 172
1352 868
3954 1385
1410 3023
1650 107
870 610
4486 1237
3065 3713
193 914
1575 1117
4705 695
3195 2447
250 36
898 4328
3115 3071
4881 352
2690 4137
1597 680
2980 882
4347 389
4669 4551
2160 1963
4048 9
4058 336
1412 1844
230 3229
2088 2044
3787 94
1437 176
1930 4288
4275 3933
4732 140
1504 1736
1246 4092
3742 95
557 442
193 3272
3279 49
4501 4878
2614 4783
599 4307
1400 886
1341 2129
2254 784
4792 1933
3201 3916
2487 1891
4689 1655
3420 1198
723 4491
1164 4414
1739 3243
2157 1108
4319 4145
3162 3034
2248 764
2353 3735
3036 1906
4897 1305
1360 511
330 4273
1607 4485
4725 2592
1877 4180
3759 620
2338 1484
3137 4611
4530 225
1562 2666
2917 3309
4174 1126
3209 3481
4453 4865
2360 3817
2087 2122
771 911
228 3567
3996 1197
2207 1136
1290 1471
3836 2825
1387 1847
3217 3073
4650 4634
3034 2080
3841 972
615 3067
2614 4908
3846 3312
4201 3924
416 933
1724 1381
4033 383
1589 3310
4881 3922
583 2437
4574 3323
1221 3471
425 682
3933 4341
2156 4077
4264 261
4730 4382
4886 298
1897 875
4004 2594
2771 2117
3408 2705
2840 3019
3959 4888
3266 1835
2482 2920
3253 2476
2307 4261
1350 2865
4722 1125
1539 922
2678 2852
4956 999
602 361
94 350
2195 1026
824 2496
2980 2398
1650 138
1813 4684
4117 3246
2804 373
1990 1173
2840 892
4518 3603
2902 13
3235 2711
2276 1167
4670 1091
3663 2715
2748 4800
152 4131
3947 4136
3429 3328
1110 1242
2281 1840
4879 3710
2425 65
3661 2626
2123 2812
2296 2813
2708 317
4185 1945
4107 4127
4542 4812
3476 4236
1640 4567
3083 69
170 166
4789 4777
2116 475
1438 1071
3114 4678
1800 1719
1092 3854
767 635
1906 563
1098 2151
552 1870
895 1342
2980 2445
298 754
644 4932
3672 2399
1580 4969
4491 1109
3391 2290
4787 1003
1490 2941
3361 306
4062 1506
2868 4575
2902 997
2918 1006
2820 4324
610 769
2200 804
124 331
4681 1878
2559 205
3850 155
286 3294
3466 479
1268 171
3206 1213
1913 3057
2767 4764
3099 4519
345 1660
645 150
2218 780
2878 202
4153 3251
2695 939
4403 4505
273 231
2338 2107
2592 75
2315 2213
4345 876
1264 4473
3274 4965
3137 4075
545 649
69 4184
3639 3594
2238 1940
2241 1261
3369 1684
4129 2887
4721 2560
80 2734
582 2092
4307 2775
2125 4621
223 1600
3345 513
2055 4750
2044 1035
1659 3895
4440 1753
2567 2478
4514 4479
1213 3453
4070 759
4161 3218
1715 3381
2782 3873
4068 3441
3932 1699
2292 2898
183 581
3585 4241
681 2785
4329 37
775 2313
3150 4038
2690 3084
2567 1631
824 669
2296 3953
825 1132
4267 1256
4913 4692
4087 2574
3033 3747
2652 2253
723 4700
2868 3545
838 2770
3114 4179
117 4563
3059 4435
2904 960
3718 210
3321 2817
4996 986
1452 1545
2275 2170
1020 4771
4068 4939
4738 783
1337 3521
1378 3317
54 2857
2798 4354
1580 4467
4676 2404
4002 3431
1302 1154
4117 2846
4190 843
3900 3505
14 633
2896 3167
4531 1226
3779 1473
4725 3769
2801 4856
4468 3881
2668 3785
4191 1917
1473 4022
1926 1203
652 3027
346 213
3236 1796
4869 3990
3990 1100
2 679
652 209
4424 2236
1606 2694
258 4532
4923 693
1888 1215
2267 3234
2449 2448
4161 4042
2124 3108
4563 2867
2254 677
293 2506
680 239
3208 662
1869 3514
2729 2961
4125 1498
3720 72
1525 2638
4351 1312
4414 1048
1848 3966
533 32
3826 3711
1884 3293
1566 3623
705 2793
605 1220
4366 2249
2147 4438
2847 3929
490 4304
1738 67
4522 866
2352 3094
1015 2074
1323 3904
2156 2332
4787 2924
4146 3147
4444 2033
766 1450
4196 1661
3801 4359
3557 2263
1017 4448
1948 3465
1239 1628
4927 855
2267 2142
4369 800
2888 3858
4038 4050
238 3527
4724 3039
492 1355
2327 2931
1985 665
1169 2187
1480 491
1015 3181
2972 2374
3891 857
4864 1521
2741 653
3840 4675
2142 4171
4417 3308
1509 3440
2751 3290
3913 2258
886 1862
4012 521
4690 717
2190 3952
4487 574
4951 1598
3974 2622
2899 4630
2059 46
4866 2583
186 4747
193 4483
1203 2894
3340 3587
114 3168
139 4399
3173 1861
4778 2347
1673 3193
1892 3838
1671 3950
2973 4902
1076 204
1640 627
4857 4280
4534 386
141 794
397 254
293 1578
2007 3436
3780 401
611 488
2759 3165
4803 4552
2597 2999
880 1778
2603 520
155 3563
3085 16
4944 1390
2146 1960
1492 4781
148 1265
1197 2827
629 3432
2083 2872
3823 4795
3497 3043
2805 1303
1110 2009
3143 3704
4700 4766
2600 3509
4499 846
132 1306
949 1965
4840 1189
2576 951
3134 592
4459 3618
458 1063
1690 4101
2354 216
2224 2494
277 2838
4546 3151
1621 2006
1930 3052
821 1449
22 4538
2072 1067
57 2780
4098 1300
4058 530
415 2467
4075 4571
1226 2757
917 1645
3288 985
3117 3277
977 4591
4877 4921
4574 2861
2802 2855
1884 2707
2004 1568
3559 311
2488 2328
263 45
2087 4248
1940 4176
3337 3214
4759 3116
3388 1679
169 3261
1278 1319
3863 643
492 4492
3523 4431
612 4346
862 3239
2837 2588
998 4537
4933 1867
2065 3621
4965 3409
3286 3048
3740 96
425 2069
1072 3249
2257 4134
2583 4631
3410 1170
4535 3382
1305 4364
3486 661
1165 1702
4736 2677
1110 792
4713 4439
797 2821
759 1118
3722 604
560 2335
4806 3196
153 3189
4758 2391
3888 3978
1126 2948
4856 2073
115 3392
1466 3062
1466 3575
2676 2774
2045 803
467 1961
2517 731
18 2572
2478 4069
1439 4710
3105 4823
3668 3676
3699 4911
3324 4604
3917 412
4658 961
1229 70
135 3842
4701 4748
937 3009
1539 2885
619 110
2473 4510
3134 2179
3747 1463
195 1583
2890 968
4934 2546
2657 3133
3759 1608
3743 3973
4460 219
4063 594
718 1158
4596 1482
2589 387
3249 510
1186 676
295 134
1387 4720
454 2725
1721 2220
795 2934
3371 2015
1263 3038
74 2892
1714 251
3950 3806
321 936
4978 3346
2184 1819
2691 2627
1838 4930
4233 4394
2952 3681
1296 962
2783 3768
1790 762
2765 4227
4823 3458
3109 3821
2007 4209
2817 3866
3359 2472
4111 4469
4210 3250
3324 1113
2830 2722
2931 2311
2382 603
107 3056
763 4987
829 3016
1433 88
2359 4029
419 566
284 2598
1893 265
1589 2577
2210 2333
1772 2140
4964 2364
1600 3231
2840 1919
4079 554
821 2704
535 1987
1498 2108
347 1540
1729 4367
3112 19
699 3232
3985 624
4844 3576
4884 4785
941 2284
944 3522
46 774
2293 2836
2140 1231
2756 1128
1525 3170
3372 1837
3367 4541
1806 1561
2015 4160
1881 3582
2693 4673
4991 3864
2878 923
1862 3544
1207 3357
260 2786
4959 607
4210 2541
1686 1392
1605 1514
2931 3584
808 1662
2583 2470
1610 663
2029 2064
2812 1637
2405 4950
3079 501
1973 4555
4378 918
1493 369
2734 4344
1059 4550
317 2012
2353 2014
2854 3830
2889 3920
799 2842
876 756
2209 4461
779 1784
882 1761
536 2225
2541 4276
2795 3814
1208 376
1661 4682
3054 586
4102 691
2279 3215
4033 2976
4689 91
4076 2291
2729 1346
3544 1001
1507 966
4752 4580
2828 2766
3963 1908
4721 1033
3939 3262
3965 4520
3245 4245
4776 991
1673 4852
3754 4071
2376 3655
867 1596
4880 3014
3970 2434
206 4151
4051 3076
1568 4401
2135 4331
636 2700
2361 4822
3667 4173
3939 3512
1718 432
636 859
4035 550
3094 1470
4094 4723
403 1399
3887 1446
1518 3187
3481 2953
2732 1971
1864 221
4828 424
578 267
438 4443
4450 3862
1650 1469
4245 3552
3912 300
4333 1613
2045 2295
4317 1339
175 1646
1534 2345
3579 3684
729 4744
2665 2835
739 4516
2771 3726
2867 3719
3081 4727
3137 3731
4893 2349
4814 4636
4116 1553
4646 1259
4508 919
1900 3183
3498 874
1121 2269
3298 4081
2646 2490
3186 3368
4447 3198
4427 3276
2336 4549
2997 849
691 2784
728 2280
1404 873
938 3082
3859 3335
3012 444
3525 2571
1644 184
3796 2534
494 2500
823 1842
2157 1641
3455 4301
1443 104
4605 3223
84 4906
2188 4579
1445 4751
2192 2484
2420 1413
3918 1773
1610 927
3552 198
2461 2037
2615 3625
2004 143
825 3877
761 2423
4861 3018
2532 2008
3485 2148
1292 4875
2629 529
4469 2468
340 3510
2268 549
1703 4583
4597 697
3377 4993
2193 3771
4382 812
3940 3677
2541 4867
4841 3809
2443 304
3441 1004
4173 4768
2203 2424
704 2800
4383 4958
4837 3605
2119 955
4456 3537
1297 3897
3986 1185
76 2661
2928 4325
1151 1687
1504 3271
1402 724
916 1894
4737 4719
3425 4482
923 4974
3826 4150
626 1633
1470 2375
3364 1964
4105 948
3532 1429
4474 2981
1616 218
3099 1079
690 2230
721 236
4321 343
2487 178
3391 539
3854 1730
1886 4197
3383 1986
1599 2596
731 329
2041 2883
957 3778
1045 427
2518 182
1876 3499
256 165
953 4918
4259 3233
3858 3792
2267 1829
1437 3220
2327 4703
1625 1816
4231 4655
1127 1068
1588 3470
970 2498
526 362
16 2696
2838 440
368 3270
1677 324
2550 4041
2253 2611
1443 1912
1334 2439
2086 3096
4122 1804
884 4617
967 2950
1654 4894
2789 2914
701 400
3503 3669
4482 3415
663 1775
4012 3919
1056 1188
3293 2301
2188 4666
532 707
2594 173
3059 456
674 2298
1591 1122
764 3072
3833 3502
2128 2671
4543 4672
421 4008
3560 1371
2334 2383
3453 2145
3375 4656
3742 4158
1581 301
3797 1834
4335 1737
4456 4272
626 2606
4667 27
1418 3637
3700 4989
2498 3129
508 4309
1091 1852
3734 4253
1120 4780
4016 3774
243 2237
419 963
1797 108
1919 4521
4137 3951
740 4030
2597 2672
1553 1176
373 3627
644 2503
1005 4358
3088 3764
2917 4334
3286 3678
4503 334
3783 2875
2 3693
2322 4371
3381 1528
243 3354
339 869
1287 2986
4376 381
1297 3259
3752 3005
4816 1455
1969 806
1781 3334
103 519
677 3211
4309 320
3141 413
902 2247
205 222
4225 815
1457 3709
29 4471
2144 2663
4340 2497
2215 1149
4096 3635
346 4168
3121 1384
4479 86
417 507
3173 2862
3029 901
3653 1104
870 3608
2935 3566
4085 318
4842 2547
2643 4000
2165 2879
1619 4613
3781 4797
1287 3090
1388 1572
286 850
4935 1087
47 523
2409 3316
2691 3479
3561 753
1623 777
189 2026
1938 2486
660 4047
1097 4990
4303 1218
3343 4206
590 3770
1745 971
1148 646
4793 162
2945 1953
3138 123
317 4010
3518 4242
383 473
3606 1513
3150 2183
3315 1550
3201 3763
3906 2519
427 2090
731 1693
2452 2046
4584 4311
3493 1362
2108 858
1437 2139
4542 4193
3941 2028
1381 3438
2013 4218
4678 4638
1244 1283
310 4677
2104 3556
4694 1771
2780 1789
1233 2893
520 2038
3537 327
2139 4299
3613 3568
3498 3572
1270 1093
438 4627
3906 3351
384 1200
2621 3131
2117 3058
2166 4598
2082 4410
3544 4470
4700 2507
4218 159
3908 2106
4771 1021
4079 3333
4114 2016
302 1777
1572 3240
1319 1442
3645 1217
4270 1161
2195 1932
201 2068
4438 4028
2565 3636
862 4113
1184 2803
597 4874
2823 58
393 3878
4181 3399
34 1604
1252 309
221 1770
2932 4023
891 2721
2924 3197
4725 4409
3409 395
2510 2042
4870 2331
2592 3967
1277 1571
3493 2939
293 2120
273 2450
657 3400
1273 3818
3656 4954
4062 93
752 3355
2387 4188
4847 1519
2980 2428
3079 2406
1482 136
2564 1918
156 4252
3352 567
1775 4698
1214 1577
3252 1563
896 4015
1482 3928
1274 4647
4868 2389
3433 4883
406 1977
3683 4036
3811 1436
1176 2274
2224 3571
1291 4982
1278 2523
1443 17
4016 3164
1336 993
779 1251
4306 4524
3330 2549
3079 2608
62 1716
4881 2180
4814 3885
3872 4476
1045 1366
3423 2438
4868 528
4080 4256
3257 2923
2740 3411
554 4506
4519 2355
1998 3077
2094 4849
3562 3847
1779 2529
4443 1367
1865 4374
381 4211
1893 4433
1392 2936
4419 1681
2122 2317
514 2330
2129 3154
4706 658
3932 621
3502 56
2368 2194
4754 1057
2568 1576
2179 904
955 4152
219 2777
3831 1374
555 639
2389 3911
4811 969
1686 2710
4166 10
3609 4807
1897 638
700 2057
1468 946
3147 1115
4101 3893
3189 144
807 3365
3499 585
676 449
352 1394
1402 4349
735 3969
3827 3861
16 589
4885 2891
4646 4573
4967 4922
443 3326
3762 2807
354 2998
356 925
2988 2790
4529 4375
1222 2853
1076 3615
4940 53
315 1868
3179 1664
1932 4462
2423 1620
4264 3744
2804 883
4849 1106
2715 4372
1880 1454
3460 4445
1534 2283
1255 1332
3699 2719
3025 3032
1801 1799
19 3142
3369 4436
420 893
2020 255
3582 1725
3318 2957
1347 2453
1532 3003
650 3247
602 1727
4447 1051
526 2001
3934 3242
2140 2465
643 2679
2569 2395
1952 3347
3578 2940
4959 272
2285 2132
2700 1135
430 109
2832 4009
2697 4904
1626 786
1991 1981
577 2645
1069 1240
1894 3191
1361 965
1627 853
709 2876
1626 4854
505 1435
2091 2966
1413 3882
4278 2186
627 3849
1425 332
3742 4594
2340 1393
1224 1810
953 3098
881 4498
2597 3697
1426 2191
4192 1147
755 817
4543 3628
2914 2716
3217 4455
1830 818
2973 4635
3015 2005
1221 1866
1457 2768
3191 4216
4818 1910
439 3612
1835 2356
2606 543
3171 2110
966 1089
1623 1762
1063 3832
246 2056
4479 1267
1946 4478
2114 3533
3297 59
3124 4007
4423 3373
4215 1027
881 2341
2033 3716
3889 3200
2727 4149
73 4204
100 2979
3258 2171
3373 2475
2243 101
4530 4279
3456 3524
4732 3598
2523 1653
2509 3784
2037 1494
1821 1090
4943 2137
3581 4757
3961 2133
4774 654
4513 3401
3453 1368
3270 3100
3194 2906
286 4282
1992 3040
4146 2698
1850 809
2494 1281
4496 3285
3291 4386
1814 3679
3119 2551
2010 3313
828 2670
4363 1081
4094 3087
2714 3178
4482 4850
3537 240
3870 4475
258 1364
3717 3283
2690 1054
1105 3757
1289 2834
189 4986
4251 1955
2428 1201
3044 3649
600 437
3595 4046
3953 692
4537 1055
320 3839
2261 1458
1174 2937
3020 926
973 4704
3543 3175
4552 3300
3818 2990
1733 2216
670 878
2765 3835
3013 1743
2527 264
4188 1187
1799 2377
1122 4835
1723 68
3705 1647
478 2746
4906 2343
2297 3302
3344 2049
4331 83
284 1615
4236 1713
1749 1266
362 4156
4755 1803
4049 466
871 1983
331 4132
662 3593
2541 4685
2503 1248
360 2764
3657 2922
3323 1041
2321 308
3292 860
3810 4178
745 2788
3894 2272
1875 1531
2337 3063
702 3146
4047 4836
798 1078
872 1666
2732 2433
511 2212
951 3403
1800 920
761 2299
1118 79
720 1678
2303 2944
2686 3586
1751 3221
2509 499
2594 1295
1422 2628
499 3737
2034 1431
4361 447
4427 2131
2203 1467
4467 428
4674 4662
1452 4429
1957 1508
1709 4395
2761 4337
298 2844
3078 2655
1747 1982
1094 518
2913 11
3156 2096
719 1994
1646 1732
571 4587
3954 493
2511 1333
3964 1022
748 1923
12 2747
2517 2528
4671 2653
1684 4104
324 1043
4523 1415
2543 2266
1519 4172
3863 3732
2995 3448
2720 4323
3655 245
4583 3981
1970 2173
2192 2848
3044 1272
1970 2023
2477 3427
1993 122
956 921
3438 2205
4582 4949
3559 2960
244 3958
79 3210
2163 525
4754 744
1302 2260
2369 3095
4245 2772
2512 732
2288 1958
1472 4477
2649 4568
4938 4889
2265 4139
2222 2881
4319 480
682 4484
941 4454
1932 2870
4077 2992
1315 2814
3694 773
4452 2326
556 431
825 1565
2906 1464
1666 2895
1969 791
1341 1062
3751 3921
1750 1746
2375 1675
2957 4603
3788 1023
1845 4265
1120 4208
2168 4257
90 3185
1151 4717
4140 435
4293 471
3589 4370
1465 1152
4736 982
4234 4327
2476 3422
700 294
1101 4415
2996 2153
3260 4090
402 2052
1062 3903
3066 2226
3580 2809
958 2471
1788 2111
740 2586
4320 576
2744 4398
4275 3511
83 4243
4730 522
3498 2402
1055 111
1601 2877
978 4614
3453 1776
2318 2175
3043 319
1747 125
2924 2635
457 2609
2195 3999
2827 827
346 1499
53 2178
1939 3535
2118 2039
3770 4916
1619 1752
579 788
1121 4697
1437 2245
4481 4426
3580 736
3858 776
819 2501
3136 3199
3040 1477
1198 1320
2184 2372
2567 3269
163 4731
2927 2407
4161 2522
1821 3370
2158 2155
2693 3296
4446 1768
2569 3230
4803 3424
1003 2189
463 2604
821 2530
4132 3943
2373 1395
2245 379
4578 879
4676 950
2645 1070
1299 1909
527 3407
3474 4040
871 2350
1005 326
282 4632
3472 4827
3311 3541
4512 4164
2584 1920
4144 2674
3681 4853
2645 2616
4265 3022
4023 4109
1296 3494
3239 1343
3184 4066
4720 4925
3865 4425
2649 3680
4033 1024
3453 1328
386 3126
4373 727
48 2930
704 2466
1543 3169
2064 1959
1265 2637
551 2304
1512 3490
3821 2554
4203 3975
446 4418
2956 50
481 2971
2538 1634
36 2474
3415 553
4974 1680
634 4995
763 2366
3085 1609
379 4093
2548 1344
3519 4157
3345 3968
687 310
3163 2132
4451 1080
4451 3609
2751 2957
3190 3658
1579 4683
3118 737
4458 4489
1722 426
1274 2284
156 3800
1227 4047
3497 1739
2419 2513
2487 800
2761 3909
2822 4682
3825 474
3825 4018
2997 1600
1462 940
4027 3312
4146 4676
3617 655
1830 2812
3800 655
4185 1378
4693 3249
4782 4032
4782 2314
4511 4804
4511 2428
1468 1511
3934 4668
2686 4163
2686 3586
2233 1789
1284 3160
1284 572
3529 1042
2884 3633
4377 2732
1838 4390
1190 4029
1747 2987
797 182
524 1607
117 705
1409 2992
3683 4036
1580 3652
2160 2127
1569 2449
4360 4704
1066 3048
3995 3899
359 2483
2851 4885
4619 260
1171 534
4074 4464
1268 3096
356 1446
188 4309
1946 3394
3640 4715
2502 3037
3484 3171
3484 4294
2988 2890
2988 1972
3307 1076
1042 2006
1294 2282
1294 2777
1642 3889
1642 1673
1373 4813
3042 2639
1397 4657
1397 3506
2363 814
4669 2155
2569 3230
2492 2225
1603 3273
3350 585
2378 939
4220 3585
1163 4538
4514 2625
4112 3857
1636 3813
535 1987
3701 2096
3715 2503
673 2053
2359 2680
2718 705
2718 1806
657 911
609 3508
605 2811
605 1735
4413 4486
690 4936
2482 2920
2482 4209
1733 149
1733 3627
1833 2237
186 4834
3173 825
3173 4461
3372 3609
3372 3409
2094 4763
3075 2490
4400 2619
1282 1356
3772 3117
3772 947
655 1184
4778 4424
3694 3794
3694 2031
3694 4706
4446 3491
4446 1054
636 1135
1522 2109
174 930
1825 3874
335 111
1485 2462
974 931
974 4557
645 3423
3930 1658
1558 4888
1558 563
85 4981
3696 1165
3601 1075
4198 2674
3059 4499
3059 866
3059 4697
1407 3459
1407 135
4813 3001
287 2721
481 2045
481 803
1763 4154
2732 1157
3745 4632
1309 3558
1309 62
2801 1527
2018 2480
2018 4963
1356 185
2744 370
2435 3616
2435 38
4610 2856
1939 1913
1076 3316
4020 4520
1146 1400
1361 2948
4316 3114
4959 4280
2076 4302
2136 1614
3212 4615
2974 801
3642 1398
1756 4307
599 4307
2607 760
4907 3086
3299 3319
3472 3552
2062 1443
2062 2676
2062 17
4072 1670
2361 3044
4531 2190
3337 4724
2021 3152
2021 2196
4602 3700
4533 1586
4269 4944
4269 1774
4088 3399
1503 3693
718 1608
3045 4013
1809 2288
3801 4280
551 4525
3915 4685
3963 806
3898 4335
745 1037
128 4661
128 2064
1127 4083
4660 1668
4083 614
78 43
1365 79
825 1565
4804 4464
4804 4715
4595 1310
4595 1449
3941 625
3941 2028
2075 838
2075 4284
2779 1819
3536 3914
3644 2632
1539 3810
1539 2107
214 450
452 4815
423 4861
2968 4817
2760 4931
2760 370
2760 447
2740 3716
4464 4931
4464 1740
1626 3074
1626 2200
4096 3534
3910 2214
3910 521
988 3448
751 1486
24 2446
4512 4164
3569 4607
4991 252
3880 4553
990 1000
124 566
2512 4707
2512 1660
1734 2972
4190 460
3758 2313
2072 1098
4120 2613
259 3502
3224 33
2714 4618
3011 3661
3011 126
4293 4200
4293 3869
4293 3261
1438 1071
902 2247
1172 1248
4765 3039
3241 1235
587 4298
7 432
4960 2553
4434 1124
4434 736
573 2013
2261 4053
4463 2683
3066 626
2783 1976
1824 3414
4554 2031
4806 3196
4355 1785
299 3976
1880 3575
3349 2009
1002 4794
1322 3295
1322 1013
1322 16
4733 815
1818 3831
1818 2311
2303 3259
2873 934
2293 2589
3802 3997
3802 4243
3798 1753
51 1061
51 3152
931 4423
3013 1670
4676 950
280 3016
575 4230
2239 47
2239 393
270 1174
2972 2477
4582 3288
3616 890
3467 3439
4225 815
698 2438
4234 4327
4724 371
4724 3398
154 957
3759 2741
4716 3669
1865 4374
3589 4273
4618 899
4618 4322
3760 3449
2 4015
2197 3388
2197 2257
2197 3819
3723 3573
3476 358
3476 502
487 1688
2869 3691
2869 4389
2281 3724
2281 3777
4787 3888
4787 2189
1929 2227
1915 295
1915 134
4119 337
1575 1117
2271 3530
1846 2943
3359 1084
618 1643
74 2892
2654 2405
1302 1154
1507 966
342 4402
113 2511
4228 3718
597 1155
856 994
1148 2600
4021 3581
4021 3316
2886 561
4985 749
1143 2602
4380 3820
4380 2058
4873 4444
4873 928
1931 3875
4931 1607
3996 3285
4496 3401
4496 3285
2911 531
634 4812
634 4193
634 4995
4423 3373
4338 3863
2632 2339
2362 3961
957 316
1445 4751
1715 1528
2278 667
2278 4202
4118 4419
4877 208
1380 2035
3393 1802
2167 4738
561 3618
1223 1892
2083 762
1092 4646
1092 3728
1236 541
2192 2484
4285 2226
1334 2872
1334 2700
758 877
283 4249
1691 3528
4936 4486
1827 4760
4640 4488
1096 1505
1594 3382
1806 2133
681 1209
880 2978
1186 791
3894 899
2182 995
3578 2940
4283 3216
4226 237
2095 1615
3845 1119
1562 2691
2676 2398
2692 2533
3690 1941
752 4296
2708 3357
723 2377
3130 413
4 2604
2980 1761
1692 1566
1008 1960
4861 1083
4861 3018
4861 2777
2567 3269
4760 1645
719 4459
719 1161
3977 2847
3977 2636
3977 1857
1263 3138
3141 3379
3970 2054
3970 2434
14 3054
830 3154
2527 3025
2527 264
3896 266
1903 4805
4170 1629
870 769
2149 3375
895 4644
4348 4305
1630 4644
1207 3357
3053 531
2025 4616
3388 1679
1040 2153
3926 558
912 3588
325 641
2318 4501
2464 4048
2288 1958
3080 3237
1905 4858
4866 4802
1352 4790
1372 2910
2565 195
1075 4213
4343 2367
4897 1305
1974 3232
2727 4149
1611 2442
652 209
1690 4081
2010 2649
4808 2173
2918 772
1478 4017
3546 306
3412 3081
3412 3908
4536 4586
779 1784
226 257
1505 2386
3859 3335
1350 4903
1350 2865
1877 3834
4232 1050
4378 4003
4129 2768
2782 3873
3949 3465
3961 2133
4444 1354
1009 2161
3822 3454
3201 3916
1839 231
4244 307
3377 4993
1610 4698
3188 3456
1536 2703
3865 4425
2118 2121
1357 249
3369 4104
3137 3731
3284 3226
3028 4040
3138 123
4019 4654
3049 1849
1599 1782
4117 3246
3219 2901
2735 2657
1876 585
2996 2153
3483 2203
1134 3901
1046 1019
3466 479
2575 4801
3964 1022
1085 3579
3662 4441
3935 4707
2664 2712
87 2070
2376 1310
2832 4784
285 3004
2264 3920
2451 4835
2262 617
1619 1554
1619 4613
1543 3030
2060 557
4881 544
183 4937
3730 3803
3641 3123
1957 1508
1886 4197
2089 2106
2548 1123
2548 1344
4350 4300
1745 2834
1422 2628
3855 4141
4407 2421
1984 145
54 2857
3780 401
1151 4717
3329 1460
1246 1923
1317 1666
112 835
112 445
223 3231
3976 4353
2733 3235
2733 3234
2652 2213
3236 1796
4829 1174
4060 2647
4060 4888
1551 2702
3871 3579
1417 1709
3998 1230
1728 2728
2726 3710
3585 4241
3695 465
4914 4895
2443 2427
2720 4323
446 4418
4369 4817
3500 1798
3718 210
1331 541
4144 1764
2945 3626
2945 1953
958 1881
958 1421
2277 4313
2312 2331
3648 1247
1845 4265
1592 238
2101 4549
2334 1828
2600 3509
15 1601
4586 1896
2086 2035
2086 3096
2067 3629
2067 3665
3581 3344
3315 40
1360 2212
1648 2874
1648 935
3797 1239
417 507
3629 4688
4657 3445
443 2640
2763 1252
1271 876
312 2669
2452 3258
2452 2046
2452 2171
232 1726
3123 276
4486 1237
2077 4351
778 1329
3291 1160
738 3609
738 496
4267 1256
2636 3318
998 4537
998 111
4191 1917
2207 1136
4396 3195
1404 873
3078 2655
2135 4331
4376 4211
3325 793
2634 2992
2043 2712
2051 1123
2358 267
989 3113
793 4950
4099 1077
4709 1785
1258 4221
153 144
3984 316
810 2164
4277 1820
2691 2627
4489 4608
3083 1441
3083 4184
3459 1959
393 2826
393 2595
393 3878
1780 488
57 1789
1591 1122
1947 4238
1947 4475
4440 1753
750 2762
4238 2320
4103 3957
4814 3885
899 3927
2159 3031
1241 1018
4967 4922
1039 2866
1145 3265
2927 2495
4140 2752
4366 3003
3021 3515
360 2764
2369 3095
4884 4785
455 46
4031 3883
357 4948
3439 2179
4981 2156
4981 4077
1881 1725
4674 4110
2322 142
2322 4371
894 3055
4876 3667
3530 2154
2675 547
720 1678
3960 344
103 519
3410 1576
1665 4147
1260 1899
4695 1674
4695 3122
2612 1517
2004 143
1387 4925
4194 3756
4194 986
439 640
1098 2909
3851 1203
3624 2868
3281 3012
3257 2923
977 4591
739 4516
767 635
1088 837
3741 3047
616 2202
1721 2220
2166 4598
2816 3348
4286 1488
2526 930
203 4904
4998 4071
3171 3061
2203 2424
3754 695
4274 1826
2558 874
2558 3572
863 683
1019 3749
1095 685
3001 3666
4049 466
1456 3092
4231 4655
2824 3465
799 2842
3341 1517
3498 2317
4702 2459
2181 26
508 320
3081 4727
215 2649
1801 463
1801 1030
898 4328
2405 4950
820 2522
1552 4614
2031 2839
4322 2942
808 1662
2297 3302
1888 1215
1791 3842
4839 1479
4934 2546
1985 665
1086 1538
4737 4719
4737 2474
851 3632
3012 444
384 1200
2913 11
2665 2835
1649 683
1671 3950
3006 2446
4756 4404
1848 3966
2964 2888
2964 3858
368 3270
1069 1130
4174 2948
4237 385
1174 2937
4858 365
3722 604
3609 1834
3609 4807
321 936
2156 4077
4648 4909
4863 3447
1566 3623
3993 3506
1900 3183
505 1435
3708 3882
1875 1531
4084 4892
4487 574
3025 3032
1232 4680
3905 3680
2481 2951
4033 383
3204 2469
340 3510
867 1596
3421 3151
250 36
250 3858
678 3660
1101 142
2265 4139
1991 1981
532 707
590 4916
246 2056
2045 2295
1774 2344
1774 919
3891 857
4837 1738
4837 3605
2603 2038
2771 3726
4729 1104
2199 3752
1224 1810
2459 4363
3908 2106
1489 2677
1969 791
1541 538
2798 1873
552 1870
2002 601
2739 4037
4721 2560
3786 4394
2741 653
4508 919
273 2450
2524 2795
2524 3814
3863 643
4946 3728
556 431
2088 1035
1587 4272
3107 4573
4351 1312
4713 4439
3779 1473
3485 2148
4012 3919
1709 4395
872 2895
871 1983
1670 2228
2368 2194
2352 1470
1589 2577
4037 4133
3266 1835
3705 1647
814 1192
2371 3182
457 2609
2805 1303
4361 447
3298 4081
4956 999
4736 2677
3639 3594
4898 3151
4811 969
1509 3440
2995 3448
1921 2314
1606 4110
4259 3233
2646 2490
4306 4524
514 2330
3841 972
2336 4549
114 3168
3656 4954
2840 3019
2840 4521
555 639
4503 334
2729 2961
2729 1346
4847 1519
303 272
4841 3809
571 4587
4978 3346
916 1894
4373 727
2889 3920
2564 1918
886 4470
1198 1429
1198 1320
4414 1048
3034 2080
1906 563
511 2212
682 4484
298 2844
2117 3058
2715 4372
2812 1637
3854 1730
331 3943
1213 2145
1213 1776
4519 2355
876 756
4479 86
4479 1267
3953 692
3747 1463
2253 2611
4700 4766
4700 2507
2817 3866
1226 2757
1100 3302
2867 3719
1498 2108
2931 2311
46 774
3950 3806
627 3849
2827 827
1568 4401
3409 395
1118 3210
731 1693
110 788
219 2777
4720 4925
3821 2554
4469 2468
2108 858
1561 4023
3582 1725
923 4974
3544 1001
1392 2936
2064 1959
2700 1135
1470 2375
1470 1675
1646 1732
4906 2343
427 2090
324 1043
2914 2716
1775 4698
1176 2274
2503 1248
381 4211
4218 159
4023 4109
3818 2990
4849 1106
2906 1464
3040 1477
4132 3943
79 3210
4265 3022
379 4093
