1000 1000
687 310
687 343
310 747
310 653
747 349
310 367
349 153
653 638
687 898
367 321
321 740
321 245
638 944
367 991
638 647
747 786
153 328
991 391
653 463
367 772
245 272
786 835
944 316
786 874
991 8
687 805
874 473
805 978
153 665
272 403
321 960
272 635
367 156
367 447
316 40
747 671
805 851
851 152
153 925
153 470
898 553
925 472
349 373
647 893
343 678
747 507
367 320
156 953
470 895
835 199
638 347
653 799
367 284
472 198
463 583
635 763
152 197
343 940
316 45
349 667
740 318
898 47
347 104
874 296
367 96
678 443
671 531
835 171
898 382
343 71
678 894
944 164
316 733
531 252
925 293
197 652
671 190
687 905
198 887
293 741
153 568
153 73
507 774
470 273
447 402
667 985
470 208
316 897
747 694
887 464
321 797
887 485
774 478
171 524
343 435
245 117
665 664
391 839
198 465
470 291
347 17
435 522
647 616
153 432
531 362
343 433
152 813
985 179
747 222
747 999
463 676
473 590
797 562
568 372
898 59
524 1000
373 685
485 359
940 35
507 303
320 424
898 363
894 496
391 623
685 356
653 560
443 119
424 541
296 720
568 829
985 753
318 188
117 534
925 545
676 415
245 233
874 167
321 268
359 237
893 775
190 781
17 529
343 353
470 215
775 572
665 70
664 426
999 882
687 466
8 945
153 88
671 691
882 136
882 504
978 916
839 549
59 808
905 36
96 183
638 881
463 982
117 611
623 32
473 368
119 543
104 987
136 234
190 633
403 202
478 860
882 9
797 662
882 913
741 281
925 532
916 791
415 570
136 615
987 105
543 60
775 628
183 311
281 146
733 535
96 769
532 277
786 683
328 563
829 275
720 975
198 910
664 949
652 326
8 224
895 838
671 439
356 422
199 76
96 489
691 239
897 578
70 673
835 196
47 132
268 131
568 229
673 140
797 657
543 609
199 605
835 162
443 717
615 690
356 850
496 721
478 251
560 445
611 274
949 313
272 346
359 427
568 607
162 934
673 581
310 344
349 99
987 186
473 766
635 646
296 924
975 509
251 28
775 589
799 219
676 689
690 330
349 723
268 911
838 947
541 369
786 12
572 116
96 497
136 454
609 479
578 408
808 579
344 444
887 817
367 226
664 655
685 332
224 684
291 438
535 896
944 580
215 374
433 184
850 159
167 516
116 241
694 875
925 636
391 834
940 469
32 174
717 6
741 380
443 750
947 793
241 48
839 859
662 748
183 335
667 849
797 602
45 50
466 980
916 974
549 397
391 81
578 749
438 645
749 358
369 863
881 85
991 499
562 421
50 588
184 89
897 510
944 700
36 686
445 697
733 546
28 25
808 287
647 333
499 481
763 738
579 824
686 381
439 734
504 65
132 414
25 336
896 843
234 160
829 455
408 232
88 155
281 200
875 453
136 456
602 574
435 815
469 594
232 948
645 20
975 848
982 996
940 295
524 398
655 787
318 312
318 984
8 109
424 341
433 393
838 595
356 726
763 366
916 981
152 832
721 670
119 166
949 701
464 394
366 811
562 95
653 110
697 163
17 695
687 390
562 784
50 739
318 804
623 306
159 396
281 77
88 731
318 218
224 253
489 619
50 379
655 361
793 873
398 235
48 599
190 656
497 540
734 836
733 107
306 92
781 475
218 340
202 650
321 542
32 204
684 203
860 178
443 345
545 98
345 66
444 833
253 927
815 837
455 904
813 724
898 644
724 266
163 413
25 93
455 711
427 134
379 254
356 148
321 746
904 528
119 329
110 658
690 932
234 604
489 718
658 106
190 38
664 735
184 551
466 323
664 319
833 216
905 745
215 112
568 707
670 138
859 907
579 365
609 193
665 128
766 249
408 189
636 826
910 582
393 818
562 922
670 78
653 703
940 842
605 921
59 755
318 825
424 331
860 858
28 571
73 458
551 300
974 451
300 387
580 305
667 63
896 256
948 288
447 265
291 459
769 812
984 212
685 431
551 141
312 569
589 672
873 68
772 214
214 771
543 677
700 450
65 57
367 452
12 292
140 989
808 423
529 778
415 621
163 870
318 868
825 27
924 643
107 407
932 282
140 101
797 468
718 501
95 831
834 269
898 294
894 988
839 82
905 751
423 24
797 62
753 173
408 471
218 640
755 172
658 952
499 526
341 506
812 928
6 261
92 357
312 494
316 760
306 289
432 420
653 840
927 260
219 236
197 986
569 990
25 617
431 736
731 846
542 514
265 124
101 290
695 641
25 337
499 207
831 857
750 878
633 821
690 533
896 900
881 713
832 515
991 10
291 648
543 16
911 511
451 259
77 558
234 814
59 123
275 782
323 728
303 714
717 627
433 612
323 845
266 377
775 613
532 324
840 262
583 547
261 457
781 121
849 802
736 902
873 883
193 886
604 971
12 596
671 133
403 693
948 90
422 161
804 587
128 7
497 325
782 371
128 556
403 554
940 255
161 175
326 244
329 416
821 759
571 142
497 573
753 938
10 823
265 206
707 484
320 630
572 669
287 49
717 46
380 696
88 762
197 705
109 909
382 350
771 87
953 770
669 777
336 756
470 250
435 903
859 231
178 436
1000 21
196 704
781 567
673 67
161 508
589 4
10 828
107 55
288 37
904 936
256 622
478 559
975 807
960 732
444 956
587 941
724 56
859 462
16 852
340 495
466 271
986 919
721 11
495 299
524 383
734 114
153 127
495 195
516 527
368 548
873 308
481 719
203 544
65 780
893 13
50 830
357 661
556 765
447 995
583 404
464 651
609 279
63 722
989 725
640 42
269 410
636 598
909 767
300 187
944 91
433 22
266 861
553 135
569 170
179 783
516 385
385 181
726 822
524 409
439 304
628 708
333 933
848 19
616 889
705 801
672 632
46 297
447 591
468 866
535 351
422 157
905 180
691 364
599 51
556 521
647 411
363 151
734 601
328 931
180 399
657 792
358 626
318 461
331 742
644 498
928 955
36 586
955 137
92 147
812 917
65 205
452 309
305 177
423 334
811 100
656 280
960 317
357 552
361 575
665 864
552 505
318 23
324 144
759 885
274 270
925 593
636 566
586 806
931 405
489 314
831 488
188 853
468 798
91 525
883 926
166 285
508 668
222 773
987 631
813 58
609 969
133 120
161 692
806 654
432 998
356 15
275 698
868 384
588 322
207 939
720 41
668 154
233 486
422 213
527 663
570 997
613 441
216 440
591 803
759 979
273 437
885 702
155 263
107 744
461 86
253 267
978 963
801 768
179 111
542 2
106 191
359 225
46 964
544 557
98 434
535 492
51 865
532 26
42 914
998 176
635 487
365 192
181 149
475 130
913 993
622 220
212 624
290 629
326 34
331 125
685 625
409 639
16 688
49 502
347 920
409 968
676 666
546 976
19 992
479 467
343 238
553 446
938 538
991 425
640 315
803 480
762 785
132 264
438 951
694 603
731 386
265 327
188 950
141 474
175 710
652 209
722 406
615 72
893 550
552 483
873 158
553 930
848 871
364 54
808 448
750 961
9 906
736 618
811 869
181 754
992 74
509 69
364 584
753 942
179 888
267 819
633 165
913 342
207 967
78 113
279 847
36 649
942 412
40 597
130 856
979 247
450 519
805 143
658 680
74 962
382 301
24 577
47 418
342 943
768 376
980 536
858 555
748 844
304 965
409 716
433 228
571 820
96 879
141 352
938 378
859 642
540 606
948 389
882 994
568 64
158 891
541 954
716 809
655 637
868 79
572 884
760 248
101 14
333 211
100 118
939 634
384 918
233 223
696 862
72 430
863 243
273 929
193 500
414 899
329 729
557 796
812 972
54 258
367 401
63 614
820 339
813 977
540 194
811 890
515 957
644 576
900 370
750 790
753 375
289 240
253 966
582 970
714 600
999 901
261 482
501 449
982 182
379 908
408 61
575 512
92 659
705 338
92 561
825 201
806 33
247 392
501 221
528 660
332 854
993 169
109 286
919 737
310 682
586 276
184 867
842 108
79 80
412 429
67 935
774 743
88 145
437 43
76 168
976 520
603 537
586 789
313 758
323 302
723 150
611 517
553 283
553 530
267 699
236 278
819 126
479 892
529 757
41 983
241 29
782 460
956 946
916 610
849 937
305 523
919 706
774 679
427 242
765 83
990 585
107 5
245 709
551 915
245 539
329 490
512 257
763 493
321 298
327 44
242 912
147 102
6 307
799 18
174 388
569 84
64 730
135 794
559 923
401 442
36 419
133 764
449 417
207 115
742 681
301 355
980 855
867 122
747 880
262 94
836 491
344 52
681 712
580 592
16 400
404 877
381 476
957 565
648 39
693 816
591 608
325 428
181 348
554 75
61 503
838 246
134 675
902 139
419 354
359 958
988 97
223 3
408 217
588 360
367 129
54 795
89 715
79 779
642 827
128 518
206 227
629 30
995 210
216 477
741 776
4 564
162 973
664 876
246 727
402 53
732 674
324 959
670 513
644 761
33 752
965 185
444 872
975 395
394 800
444 620
292 841
37 788
938 103
901 31
488 810
1000 230
487 1
687 817
687 271
687 976
310 136
310 650
310 704
343 138
343 688
343 482
747 723
747 394
747 508
349 888
349 862
367 131
367 748
367 265
367 384
367 967
367 966
153 895
153 664
153 873
153 319
153 458
153 145
638 589
638 708
898 132
898 172
898 350
321 298
740 312
740 218
245 272
245 554
245 118
245 75
944 580
944 379
944 407
944 908
991 834
991 939
647 933
647 865
786 199
328 405
391 306
391 642
391 659
463 982
463 570
463 621
463 404
463 182
772 214
772 771
772 87
272 346
272 487
835 1000
835 605
835 162
835 235
835 383
835 968
835 973
316 739
874 643
874 181
874 41
8 253
8 909
8 286
805 851
805 326
805 986
805 259
805 244
805 768
805 565
473 590
473 548
978 916
978 451
978 259
978 963
978 610
665 290
665 575
665 629
665 14
403 650
403 554
960 732
960 317
635 366
635 487
635 869
156 953
156 770
447 480
447 227
40 597
671 190
671 239
671 114
671 601
671 856
851 58
851 34
152 266
152 705
152 338
925 472
925 958
470 208
470 929
470 246
553 135
553 283
472 198
472 910
472 582
472 651
472 242
472 958
373 159
373 902
893 48
893 632
678 609
678 479
678 166
678 878
678 627
678 688
507 337
507 142
507 600
320 17
320 341
320 331
953 770
895 595
895 873
895 926
895 891
199 605
199 921
199 168
347 17
347 987
347 105
347 186
347 631
347 757
799 236
799 18
198 394
198 225
198 970
198 800
583 404
583 877
763 811
763 118
197 326
197 376
197 706
940 594
940 842
45 50
45 588
45 739
667 849
667 722
667 111
667 942
667 614
318 188
318 218
318 23
47 264
47 418
47 899
104 105
104 631
296 924
96 183
96 311
96 812
96 573
443 16
443 285
443 490
531 252
531 362
171 524
171 398
171 383
171 409
382 350
382 355
894 496
894 138
894 78
894 113
733 107
733 256
733 55
733 370
733 520
293 281
293 200
652 244
190 280
905 36
905 381
905 654
905 649
887 464
887 427
887 394
887 958
887 800
741 696
741 776
568 607
568 904
568 707
568 484
568 936
73 458
774 571
774 617
273 929
273 43
402 53
985 938
985 111
985 412
985 378
897 948
897 189
897 288
897 471
694 537
464 394
464 800
797 562
797 748
797 922
797 866
797 488
485 237
485 427
485 675
485 958
478 28
478 617
478 559
524 1000
524 398
524 235
524 21
524 383
524 968
524 716
435 522
435 815
435 903
117 534
117 611
117 274
117 270
117 517
664 426
664 512
664 758
839 549
839 907
291 459
291 648
291 951
17 695
17 641
17 757
616 889
432 420
433 818
433 187
433 22
433 867
433 915
179 783
179 111
179 888
222 773
999 913
999 604
999 814
999 993
999 943
999 430
676 415
676 997
562 784
59 808
59 755
59 123
59 192
59 577
1000 21
1000 230
685 422
359 237
359 134
359 242
359 912
303 714
303 600
424 331
424 243
363 151
496 670
496 78
623 174
623 92
623 204
623 289
623 147
356 850
356 726
356 15
356 154
356 710
119 609
119 847
541 863
541 954
720 975
720 509
720 74
720 962
829 904
829 711
829 528
829 936
829 660
753 538
753 378
753 375
753 103
188 853
188 950
545 98
545 434
415 570
415 997
233 486
233 223
167 516
167 527
167 181
268 131
268 911
268 511
775 564
781 475
781 121
781 130
781 856
529 778
529 757
215 374
215 112
572 116
572 241
572 777
572 51
572 865
70 581
70 989
70 290
70 67
70 14
882 234
882 456
882 282
882 993
466 323
466 728
466 845
466 302
466 855
88 731
88 762
691 364
691 54
691 584
691 795
136 604
136 282
136 814
136 971
504 57
504 205
916 974
916 981
916 451
549 397
808 579
808 287
808 49
808 334
36 381
36 806
36 33
36 476
36 354
183 311
183 335
881 85
881 713
982 996
611 270
611 517
32 174
32 204
32 388
368 548
543 60
543 479
543 852
543 500
543 892
987 631
234 160
234 604
234 814
234 971
633 702
202 650
860 436
9 906
662 748
662 844
913 993
281 200
532 277
532 144
570 997
615 330
615 932
628 708
535 622
535 370
769 812
769 928
769 137
769 917
275 782
275 371
975 992
975 871
975 69
975 395
910 582
910 970
949 701
949 758
326 34
224 253
224 544
224 796
224 966
838 595
838 873
838 68
838 883
838 308
838 891
838 246
838 727
439 114
439 491
439 185
422 213
76 168
489 221
578 408
578 189
578 288
578 471
578 90
578 37
578 61
673 140
673 67
673 14
673 30
196 704
132 899
140 629
140 14
140 30
657 792
609 479
609 969
609 467
609 500
605 921
162 934
162 973
717 964
690 330
690 282
850 159
850 396
721 138
721 11
251 28
251 25
251 336
251 93
251 142
251 756
251 820
445 413
445 870
274 270
313 758
427 134
427 242
427 912
427 675
344 956
344 440
344 872
344 620
766 249
924 643
509 69
589 672
589 4
589 632
589 564
219 278
723 150
911 511
947 926
947 891
369 863
12 292
116 51
497 428
408 189
408 389
408 61
408 503
408 217
579 824
579 365
579 192
444 956
444 946
444 620
655 637
655 512
655 257
332 854
684 203
684 544
684 557
684 796
438 645
438 20
896 256
896 220
580 177
580 592
184 122
159 396
516 348
241 599
241 29
875 453
636 826
636 598
636 566
834 410
469 594
174 388
6 261
6 482
380 696
380 862
750 878
750 790
793 68
793 158
48 599
48 51
859 907
859 231
859 827
748 844
849 802
849 937
602 574
50 739
50 379
50 830
50 908
980 855
974 451
974 259
749 358
749 626
645 20
358 626
863 243
499 481
499 967
499 634
588 322
89 715
700 450
686 381
686 476
697 163
697 870
546 976
546 520
25 336
25 93
25 756
287 49
287 502
333 933
333 211
481 719
381 476
734 836
734 114
734 491
65 57
65 780
414 899
336 756
455 711
455 528
455 936
455 660
232 948
232 288
232 90
232 37
232 389
232 788
155 263
815 837
948 37
948 389
848 19
848 871
848 962
398 235
312 494
312 990
312 84
984 212
984 624
109 767
109 286
341 506
393 818
726 822
366 811
366 869
366 890
832 515
832 565
670 138
670 513
166 285
394 800
811 100
811 118
811 890
95 857
95 810
110 680
163 413
163 870
695 641
804 941
306 92
306 357
306 661
306 240
77 558
731 846
218 340
218 495
218 299
218 42
218 315
253 260
253 126
379 254
379 908
361 575
361 512
873 883
873 308
873 926
599 51
599 865
656 280
540 606
836 491
107 55
107 744
92 102
475 130
475 856
340 495
340 195
542 514
542 2
203 544
203 557
203 796
178 436
345 66
98 434
98 194
927 260
904 528
904 936
904 660
724 266
724 377
724 56
724 861
644 498
644 576
266 377
266 861
134 675
528 660
329 416
329 729
329 490
658 680
932 282
604 971
718 501
718 449
718 221
106 191
551 387
551 141
551 915
323 845
216 440
216 477
707 484
365 192
193 886
193 500
128 83
582 970
78 113
842 108
755 172
825 201
331 681
331 712
858 555
571 142
571 820
571 339
300 387
300 187
451 259
305 177
305 523
63 722
63 406
63 614
256 622
256 220
288 788
265 206
265 327
812 917
812 972
212 624
431 736
431 902
431 618
431 139
141 474
141 352
569 990
569 585
569 84
672 632
214 771
214 87
771 87
450 519
452 309
292 841
989 725
423 24
423 334
423 577
868 918
868 80
868 779
101 14
468 866
468 798
501 449
501 221
831 857
831 488
269 410
988 97
24 577
640 315
928 137
261 457
261 482
357 505
357 483
760 248
289 240
840 262
840 94
236 278
986 737
986 706
990 585
736 902
736 139
207 939
207 967
821 759
821 885
821 979
821 702
900 370
515 957
515 565
10 823
10 828
16 688
16 400
782 371
782 460
714 600
262 94
902 139
883 926
133 120
133 764
693 816
161 175
161 508
161 668
161 154
587 941
325 428
556 765
556 83
175 710
759 979
759 702
938 378
938 103
206 227
669 777
49 502
46 964
696 862
762 785
705 801
705 768
909 767
67 935
508 154
4 564
37 788
622 220
559 923
732 674
495 299
495 195
919 737
919 706
527 663
544 557
765 83
995 210
404 877
279 847
722 406
42 914
91 525
135 794
385 181
385 149
385 754
385 348
181 149
181 754
409 639
409 968
304 965
304 185
19 992
19 962
801 768
801 376
591 480
180 399
364 258
364 795
51 865
931 405
461 86
742 712
955 137
586 654
586 33
586 789
147 102
100 118
552 505
552 483
575 512
885 702
806 752
488 810
668 154
998 176
384 918
939 634
41 983
803 480
979 247
979 392
437 43
267 819
267 126
768 376
557 796
487 1
130 856
629 30
976 520
992 74
992 962
603 537
327 44
72 430
158 891
54 795
74 962
819 126
342 943
412 429
247 392
301 355
965 185
716 809
820 339
642 827
64 730
79 80
79 779
223 3
401 442
957 565
901 31
449 417
61 503
512 257
33 752
867 122
242 912
419 354
681 712
246 727
