5000 5000
687 310
687 3264
310 3163
3264 4451
310 2751
687 3360
310 2223
2223 4641
687 3879
2751 2493
3264 4159
2223 3190
2493 1724
687 1579
1724 2819
2751 4824
3360 2087
3879 3658
3163 4530
4530 1884
4641 3118
4824 2396
3190 4458
4530 1722
2751 8
2396 2491
2087 3035
2493 978
4824 1274
3190 403
2223 2325
4451 1711
2325 156
687 1227
310 3497
3190 3944
1227 2419
2325 4955
4530 4879
1724 2487
8 2761
978 2822
4159 3825
2761 1739
2751 2997
4641 4383
4824 2128
8 4297
2419 3206
2997 199
1274 347
3118 1462
2751 2949
1722 4027
687 583
1579 2201
4297 4146
4383 940
3944 3617
3879 1830
4146 3093
3944 3800
3944 4585
2419 4167
2822 4185
4458 1714
4383 4693
1711 4782
3617 382
978 3602
4824 4097
4955 4511
1274 1468
199 3934
3190 3804
3825 1279
2325 1080
4027 1901
1884 1255
940 2686
4824 2233
2087 1284
3497 3529
4383 2884
2686 4377
4383 3260
3944 3227
2487 1838
4027 1190
3804 1747
1739 797
1468 3907
3804 4115
3260 524
1724 4882
3879 117
1227 1409
3602 4629
1255 3683
3497 1580
1579 4942
3825 1516
2751 2160
4693 2916
3658 1569
4377 433
3907 3425
3800 1452
3529 2449
2751 4360
1227 3102
2233 2687
2686 2737
3683 2963
4942 3376
4942 1066
4185 3995
3934 359
1227 2623
3879 2851
1724 4619
524 1171
1462 4074
4782 1268
2396 356
2686 560
199 119
4377 3099
1452 3939
2949 1638
3206 1323
3944 188
3617 534
4027 2833
3529 1946
3804 3640
2686 2502
403 3899
2686 3484
3995 2660
1739 781
1569 4219
1323 353
4942 4665
3800 3912
1946 2988
3617 3307
2493 1042
3934 1294
2988 1642
1294 1373
2493 3042
1255 4885
1080 504
1452 1397
3118 3149
560 2363
504 3480
1579 4430
3529 881
3658 4886
2686 3024
4641 1314
687 3358
3024 4669
2087 987
3602 234
524 2569
3480 2492
356 1603
3484 3796
1279 1501
2988 3350
2884 3145
2851 2378
2128 4220
117 2765
1569 615
2751 1163
3024 4514
3190 4112
2822 2630
4185 1636
2988 535
1830 3773
1884 277
4514 3701
2449 3630
583 3342
2378 4776
3350 4529
2493 4526
156 4957
1838 1153
4185 2542
1171 4329
1153 2899
4027 1502
3939 2673
4377 4016
117 3715
881 673
2899 196
3630 2359
196 3962
4885 2718
3529 2125
2419 657
4159 609
1501 605
3360 4413
535 3253
3800 690
4185 4397
2160 2482
2502 2967
1227 1622
2997 1733
1294 3513
524 346
3425 3539
2751 4079
1569 3157
3024 1410
4146 4726
524 1833
1739 186
359 766
356 3173
3264 924
2491 509
4585 28
615 3372
3899 2162
509 2094
4451 1582
403 1759
4297 3543
1255 4786
3206 2947
2419 4201
2162 116
3102 3075
2487 4400
3042 2591
2967 1282
3157 3647
1838 1053
2087 4831
2542 3772
347 655
3529 4064
1190 4838
2660 4778
3773 3694
4329 580
655 2706
8 3507
4641 4457
2201 2267
1711 1934
433 4446
4167 636
1739 1522
940 1304
3372 174
2233 2599
4016 3397
3206 2570
4074 1825
117 1786
196 4600
4115 1315
4185 335
3425 4186
196 1574
4383 4988
3260 1485
4886 974
987 1705
4955 81
1722 3516
1724 645
4511 3930
3507 1558
156 85
3157 3696
4458 421
3358 3601
3796 4198
4219 3059
1558 700
1053 1407
2822 1476
2325 4813
1759 25
4882 287
3102 4187
781 481
4669 1763
4074 824
3529 2792
4187 3429
3715 3611
924 2732
4776 3491
4886 3745
3397 160
359 1309
3163 2801
160 1635
3796 2018
1409 453
2267 1356
3800 3840
85 2744
2660 1597
3253 2435
4219 4610
4693 1512
3397 1939
2967 1076
4786 398
4511 1016
1163 4020
3260 2828
2949 3314
2502 3675
4220 1871
3163 1146
2801 726
3093 366
2819 1361
4585 2461
4530 1414
1407 3762
1582 1767
3260 3383
28 1182
2128 4316
2492 3987
3995 4959
3397 2076
1946 1451
4397 3857
335 2136
2325 3650
4400 3212
2492 1007
3857 77
3762 4606
2087 2974
2487 3938
433 2985
3762 4842
4115 3642
2761 4189
3376 1756
4693 599
2201 2607
4400 4907
3529 3299
3516 3472
4458 2615
2223 2062
509 4926
3694 650
3314 4072
1163 3868
81 4268
1190 2361
4064 2513
1410 98
3694 4531
2985 1403
4693 3091
4782 1952
3647 4384
4201 4246
3299 1195
3206 3337
3879 3761
4610 4495
4511 2021
3360 3366
4726 4602
2094 3668
1934 4061
2761 4533
3650 4269
2233 4088
277 932
700 1503
673 718
583 3045
1722 1809
98 3801
2325 551
4400 3915
2949 3963
1195 3898
1294 745
2974 4326
1016 2078
4219 4059
4619 3955
2686 2066
4955 2983
4782 128
509 1127
1934 189
1407 826
2985 3703
504 4660
2615 4083
2686 78
2233 703
3796 842
4495 3890
353 1365
3696 825
1574 3651
4268 4804
4297 3420
4530 1425
1582 4595
353 3941
3899 1418
1476 1011
3941 2075
824 1347
3773 288
4446 2779
509 459
4907 3536
987 3644
4665 1141
1939 1539
2419 3301
287 672
3516 3156
1284 214
3314 3036
4451 1183
4329 450
4842 2408
3962 452
3658 292
1558 3733
2078 423
3934 2968
3472 4826
1946 2760
4665 2740
3683 4330
1939 4464
1407 1626
1011 282
3484 1766
2983 4096
657 4730
3745 3670
4464 269
2162 3910
1503 988
1361 3805
3650 751
2066 24
4879 1527
1705 2337
3651 4512
4530 2641
3350 1254
119 1229
3042 1683
1373 1244
2828 1291
117 3569
672 4991
4316 494
3890 760
4778 289
3337 420
4531 3880
420 4205
987 2302
4316 1481
85 990
174 2804
2851 4927
347 3889
3658 3945
359 124
3939 2485
2822 2659
3868 2512
3358 2195
2223 1734
4533 3160
3987 1443
3647 533
4813 4190
1638 713
160 3758
2899 2072
494 2480
2378 1337
1255 4120
3715 259
2502 3574
359 3224
760 4890
924 2830
4991 2714
1066 1695
4530 3011
1016 4293
4813 1269
599 2394
4776 613
3163 4291
356 4278
1786 3065
3912 1438
766 3416
4083 802
3091 902
3173 4500
703 1172
174 3238
3701 3017
4190 4203
3536 4765
3772 3051
3945 3241
3358 587
4529 7
1304 2897
4097 2938
1695 4589
4530 4960
825 2597
1574 1162
524 244
1502 4181
1838 3698
199 4434
745 573
1733 938
4159 1742
289 4416
1315 2261
4268 3389
2361 4463
4187 3746
1066 4107
7 696
3574 4480
4434 705
85 909
420 3066
1722 2783
1409 4663
745 1795
335 4240
3206 1621
2492 1129
4329 4303
2396 3304
573 3781
1569 2975
452 4504
3066 1708
2828 2306
3472 1257
98 1824
1279 55
4384 2124
4957 4014
645 1564
1365 559
1229 1525
1724 4845
4882 2384
4595 4893
4096 4554
2136 2426
3907 1214
1347 495
2087 4806
2201 1105
1574 4355
3241 299
259 4828
1053 2113
4329 1114
2384 2013
3758 527
2686 1234
1337 1211
3930 1017
3781 4968
3206 1880
1255 3599
8 3338
2740 1859
4014 3349
4730 1437
2660 1465
188 1116
978 279
2113 2422
4201 4880
3761 3394
4203 1002
4831 1322
527 4733
2967 1169
2160 3340
1397 22
3945 4963
705 3127
1747 4871
909 3717
3099 1818
1859 2303
4828 3343
3420 4686
1116 1411
3157 1311
366 3558
4726 1821
3429 2873
3800 2293
3955 3802
1582 2003
3898 591
3394 3798
4495 2709
551 1890
3212 2539
214 364
420 51
2062 4214
2461 2520
3640 2680
4278 3526
85 931
3149 1605
881 2252
4107 2176
1255 3725
4765 3013
2201 2275
1502 4901
1569 2742
2087 2902
299 4098
1564 1419
2718 3202
2124 4676
1254 4523
718 2815
4991 100
4097 280
1418 4980
3491 2820
4291 575
2709 2444
3650 1682
1838 1379
4726 2239
3360 4080
1356 270
2947 2972
1733 4292
2384 2338
3338 1032
1465 4251
3051 2955
687 1427
1269 4582
2075 3295
1739 2610
705 3616
4064 3311
2075 3225
2261 631
4526 4474
2899 3467
4813 3104
802 4734
2125 2724
3337 1194
2252 4225
160 698
1002 4234
842 4724
2021 3488
3694 3783
1127 154
3650 4013
4734 3759
4963 4716
1279 3661
2223 441
1234 1865
1309 3589
3017 2756
3488 4732
98 702
718 263
4514 3345
4504 4618
1116 4153
4016 3760
3804 768
1365 3124
4813 2
4663 3591
4806 4919
1603 2282
1451 4121
3912 2197
2623 4609
4251 3723
4504 2098
2261 3476
1410 3496
22 487
3760 192
4205 149
3516 130
4959 4825
2570 3721
3035 2869
2680 629
1268 1210
932 4857
2718 625
3857 2882
2833 1999
3093 2281
3304 4787
346 3992
2018 666
781 3158
4676 1175
1419 467
124 4336
403 4547
4782 2463
2072 1929
4890 1915
1901 2238
3349 1581
3760 3492
797 1184
1756 2531
3944 4119
4098 4687
3093 1273
214 474
2066 3423
3360 3638
22 3493
1756 2601
299 1575
2610 483
2714 2172
645 3461
1724 2271
3102 1199
698 1846
2539 2454
3746 3359
4074 618
825 3808
4813 4379
1742 74
1309 2654
3299 1302
4531 2525
2238 4577
3358 1507
4782 4275
3516 342
4629 2429
932 113
1282 3391
4960 4228
4882 3931
4663 597
3899 856
3145 247
3995 3396
2094 3282
420 1148
279 4021
4831 2886
4251 1191
2673 418
2975 4985
3102 4108
4942 1992
4451 1143
4871 844
3099 4380
2732 4607
160 228
802 4873
3762 4089
3065 1632
4942 378
3638 3906
1485 1212
988 1405
2078 1931
1291 64
3944 4931
4021 2618
4504 3996
3340 637
2761 4789
1291 1851
3694 4496
4885 4456
978 2036
3759 2911
4190 634
1767 1222
1337 4423
4220 3205
3696 430
3670 243
1379 929
4219 500
100 2353
3930 4338
1622 1659
1191 2632
3536 2362
1683 1602
116 1758
3644 339
2303 3925
3124 2553
3647 890
2687 957
1438 1445
3825 2294
3397 790
2911 1715
4687 2278
4629 4118
4153 970
2687 4877
4514 1380
3225 482
4097 4576
2686 3393
1273 908
2819 61
356 3007
1582 2167
3642 338
3589 561
1569 2232
1824 33
2947 392
1002 3620
4446 1223
2615 3531
2783 2731
970 286
1244 737
1952 1028
902 3088
1734 2083
3124 1092
1999 2400
3650 429
1314 3153
3488 4843
3761 1236
3264 2544
4963 2192
2972 4285
3359 1334
583 2381
1002 758
2303 1029
2607 3428
342 4763
1162 283
1425 4449
1602 3174
2869 1975
3804 1444
4660 3597
3668 757
3340 2933
1236 3547
2911 3390
4495 1691
3118 3473
4108 1270
2544 2104
189 1082
3390 4936
2760 2683
988 1827
4268 4640
3802 2581
3617 1096
2429 915
283 4264
4988 490
1365 1594
3149 3538
3190 1806
4219 4643
1929 2614
2544 4138
3638 4333
2673 4753
149 388
1143 4699
4088 4962
3343 4155
2359 2417
2882 2900
1076 419
3733 1253
441 1710
2686 115
1291 681
3987 2112
4457 2024
310 3606
4787 880
2938 3856
1438 1186
4582 3044
634 1326
1114 3894
64 2182
3536 2030
3589 476
2267 3457
4285 2587
1602 1044
583 3578
1830 4283
1621 4540
441 4226
3733 503
117 2095
280 3845
3393 1412
2160 2745
64 1651
2426 97
423 1340
533 1562
4804 3216
4606 129
2740 4123
534 715
339 4065
4901 1249
1412 4793
715 1911
1756 2676
4214 4754
2886 4347
4016 2430
1759 1349
4377 3833
4449 2123
2271 2130
2792 2692
1411 4615
4602 2458
2902 3690
1642 761
418 752
4523 4983
3721 2811
681 3303
459 3836
1715 4605
1859 2624
1825 2708
2525 2047
2828 31
2394 1644
3340 230
3761 1
353 723
1636 1376
4185 3130
98 4
1268 4298
113 579
629 2980
2123 1692
3930 1008
4430 2561
579 4861
1190 595
1016 2567
3845 4667
2968 3430
4789 4760
932 719
3264 3977
4500 1263
1605 3141
4413 675
3366 4701
597 3305
1695 2693
3391 3486
490 3970
4187 4769
824 3743
3044 4460
3868 1245
2394 492
1315 405
3597 1864
2454 2011
1724 451
3938 14
3314 1812
500 3776
4220 4815
433 1416
4293 830
3488 4368
4716 1209
4701 3918
2337 1298
4446 3336
366 3913
2422 2079
1245 3074
2740 2527
1349 1895
826 2806
64 3896
1733 562
551 1378
3216 1523
2761 3548
4530 1061
908 416
3543 4018
2641 436
2018 2799
924 4735
490 2620
2271 4775
156 1000
3342 2753
3538 4741
4775 1618
2160 1903
2830 4170
1714 4390
2047 716
280 870
149 862
1895 1150
2718 2149
452 2582
4530 895
3845 190
1733 798
2182 1120
452 4868
280 4006
4733 3692
430 4348
4828 1630
3701 118
790 4342
4754 34
1403 71
1939 1207
1227 3053
2641 315
2480 2540
2708 2025
970 1941
156 3714
4776 3388
97 1040
1410 4162
613 2256
1223 2250
4760 4964
3480 3926
3349 4142
2112 674
1527 3112
2492 2585
97 1144
4380 4412
403 2787
4735 912
2641 127
1249 2222
4526 651
856 325
3611 2318
4831 2214
3836 2464
1939 1943
4225 2354
1859 1560
4826 2509
2542 2288
1445 2684
2687 3702
2338 3080
1756 903
4138 2385
929 710
288 1823
7 1177
1890 1905
4390 1544
4786 4924
4021 2578
1481 4122
3074 2789
1105 2229
3808 4866
4122 4048
3934 1352
4297 147
128 1235
280 1012
1758 2093
2525 1372
100 2565
2561 295
3011 2091
4142 4501
3074 2387
3051 4388
1 2508
2162 1075
4170 3079
3845 4343
28 3643
199 4897
292 3120
1825 3525
1444 105
2094 1765
1539 1570
3493 1974
3912 1400
4924 3252
3616 2310
2833 2727
1214 363
1708 3888
768 1611
4890 3971
696 992
675 4001
4826 526
1416 4943
583 408
2353 652
2112 4972
3305 1690
2724 4011
2963 4572
2886 2584
1000 2905
2112 1102
3857 2736
4449 1180
681 2010
1016 4808
3963 2071
3798 2918
2252 3434
1462 644
3879 2532
1314 3604
4776 1447
118 3339
363 3395
687 4979
1236 3380
931 4645
1558 1287
4159 1478
615 3936
2075 4076
3420 3135
1476 2165
476 3546
931 3412
1715 1654
2167 1434
4868 3114
1153 4254
4013 1612
4726 516
3602 4536
2822 3117
2362 3408
2239 3917
3761 3217
3617 4578
2532 3155
4660 4095
3217 975
363 4799
3227 1423
2003 2847
1516 4691
3825 779
3051 226
3868 168
3995 1874
128 3610
4463 1950
4606 1505
1347 235
1683 3859
1570 2837
4390 2989
3640 934
277 1350
4336 1877
4097 4494
4115 4148
2384 4044
2095 4722
3743 1221
154 3682
2540 177
436 1432
3303 2473
1298 2348
1851 2323
2493 4941
4645 4232
4602 4378
618 4129
4753 2818
4724 1296
2294 2782
3539 3554
4496 60
1594 2516
3836 469
2394 2409
3962 4574
4831 3949
3429 3961
364 4522
1654 4444
2512 1009
1116 3822
3890 4534
2591 4247
1148 3720
4504 3201
3484 3892
490 2841
3429 3561
2916 1839
4893 4244
2584 3377
1825 1610
4789 2656
2030 1595
4377 4408
2789 1299
3114 3188
353 2993
3879 1536
4115 371
2491 3865
3360 3712
113 1723
3141 1559
2963 1980
2565 1345
1812 952
3602 660
4107 2118
4072 2211
1066 4761
1221 1453
4760 1324
2071 704
1574 52
1229 2590
4959 394
2585 2150
3759 47
22 3664
802 3787
2492 1729
4018 4953
4960 3324
3065 1357
279 1119
3836 4773
660 4105
636 3369
3804 1277
1452 3137
1695 3184
978 3284
85 3028
2072 2215
3059 1607
3377 3794
3345 2488
1347 4584
113 3279
4495 537
4540 3292
2444 1704
2128 3474
4572 2511
2083 2007
4456 4067
4098 1685
4444 1181
436 3138
1423 3663
1638 4019
3492 3049
3720 2285
4600 3706
908 1599
2656 1927
2830 4117
1575 3321
4629 4891
3174 1782
2737 2518
4501 4312
992 3914
1082 4628
3977 126
2561 3965
4907 4352
1581 2193
3696 3553
2620 3161
3264 755
4342 1216
55 686
2303 3954
3028 3219
4048 4362
4456 3353
421 1754
4660 2152
3683 2735
2261 3069
3977 410
2293 1876
2215 4192
698 23
4606 4385
3173 4332
3610 2442
81 4302
1564 3596
4530 3872
3611 2200
713 2996
4088 3483
4730 1504
1451 4518
3224 3520
702 1134
4108 3820
4980 1046
4732 3466
2740 1998
4831 3437
2197 2575
655 1783
4609 2147
3396 832
3118 2589
3137 1529
1120 1672
1210 3487
1999 3964
3219 3986
1877 1085
1877 2324
4866 2462
988 3790
1361 4860
1946 4447
1146 670
3890 1178
3496 4005
2686 3662
4115 3935
481 917
1253 3823
8 2664
1092 3374
2553 4166
1824 4738
3342 458
3321 87
3931 2376
3024 348
3743 1426
168 4622
1270 3452
3561 2832
1952 4543
3093 391
1827 285
3295 4317
481 3852
881 4215
3602 3989
4416 2440
467 2264
403 2915
2765 821
4264 2451
1270 4900
710 2262
1723 749
4962 2061
3820 2917
2601 1624
4275 2367
3145 1619
2756 1543
3703 4441
2884 3495
2160 2991
1270 888
441 3489
1901 1348
1859 4570
726 497
1282 2279
4943 3901
715 3245
1927 404
4333 2060
2463 4213
3253 2019
4380 4689
3776 4790
1783 4230
1901 1546
1009 2843
3075 2257
378 4881
1044 1942
87 2134
4643 4258
880 3755
4570 183
3488 3730
4329 3186
2751 281
2353 891
3865 980
310 262
4891 4694
4570 3641
2302 632
3311 2699
903 3327
660 1698
2250 1957
1915 602
2232 626
909 4420
3174 4255
366 2373
3492 3853
4730 3274
1120 1886
1543 4743
1603 2089
3698 4405
4205 2548
666 4712
4187 819
4380 4262
2518 4350
2480 656
4317 1208
1742 3542
1839 2242
4629 3469
2916 1954
2482 1745
7 2346
1594 1988
235 1422
1733 3855
4941 2602
4806 834
1279 4407
4643 12
2709 3887
1282 1984
3253 62
4019 54
3487 3780
561 1151
3853 3443
4763 3329
2801 1377
1833 1310
3412 1246
1357 3634
4317 82
1901 3404
4377 3573
4787 4976
1181 1072
4609 39
3913 2296
1411 1902
196 4596
226 2550
1507 967
1373 1317
487 293
4953 3444
2632 1688
3543 3406
1245 345
4831 112
2614 742
2873 223
4117 3976
4480 2733
4500 1491
1512 668
713 1590
2461 217
4643 2652
4044 4497
3664 2796
2502 4770
4107 1989
2664 1584
561 3236
4724 4739
1722 4829
3236 598
3303 789
1485 4696
527 2114
2512 606
4511 3331
3212 1593
2376 4052
2089 291
3429 4085
1195 3765
4619 4060
2967 4862
1453 763
2902 1551
2444 796
2442 4249
4186 4975
1708 515
1763 3871
61 409
631 1417
1416 2657
4667 1924
4021 4199
666 3998
3606 4917
3536 1944
1417 1440
4061 3159
4523 1728
4085 3288
353 4679
2095 2726
1895 3585
1257 3695
686 2658
1211 4472
1691 3442
2692 3900
2454 66
3548 740
1227 3180
4619 4914
4059 2443
2261 2720
3702 4391
1485 1849
2193 446
1372 1045
2531 4017
1607 4369
3962 4796
310 3500
1274 4499
4457 3449
4019 3718
3822 3831
4691 3579
4494 3402
1410 1388
3602 302
4968 937
3910 1976
1291 1331
2553 3364
618 1493
347 3875
4554 193
4826 3111
3872 4144
2511 1973
2275 1668
1502 253
3493 3940
1708 18
573 2945
2150 864
1729 900
2200 958
917 2758
2363 1831
453 3799
1874 4515
903 4637
1924 722
1714 3614
3717 2277
796 3068
3253 4945
3836 2312
1622 4308
2443 3648
4122 1706
766 1280
4793 889
97 1845
3074 2613
3388 1592
2013 647
3452 2101
3804 2403
591 2334
1644 2204
2630 4887
2232 3740
3930 2600
4983 2416
698 15
4886 1059
2025 2543
615 2864
2512 4994
3970 470
4268 2650
4862 4586
3938 1627
2072 2086
3484 2067
4716 3015
987 4951
1612 3581
4079 3315
2610 4432
4676 2102
4694 1556
2599 4143
2963 1360
1227 2034
4618 973
3723 139
2071 1278
398 557
3114 3136
483 84
3337 1648
4391 3797
3264 1885
4338 417
1767 3629
1715 4833
3879 4657
228 443
1269 375
353 3874
932 617
1274 4961
1223 477
4790 2763
1705 1271
4408 1065
3529 312
115 3176
4861 3672
3694 3795
1042 2017
681 4094
573 748
174 600
286 3674
1334 2452
4497 2050
4254 2690
1766 3844
1831 3286
279 4417
4011 232
4701 3729
1593 4424
3794 3123
3369 823
1884 805
3805 2289
4390 2127
279 4486
420 464
2165 4840
4607 3125
1143 4848
1315 3222
1361 3532
1627 896
1833 2077
4246 48
3066 1238
1846 778
1326 3291
2761 1351
4336 630
978 4633
3497 2573
490 738
1238 4267
408 1500
1708 4690
4061 701
1278 1264
2567 3384
3075 1202
2676 907
862 3867
2271 498
3136 1897
2782 390
656 4091
2731 76
629 2636
154 1341
2615 2340
3125 1230
931 998
1245 4191
4017 2651
789 2207
1146 1160
4961 4321
54 884
805 170
1444 1530
3295 2759
4887 2959
3212 4396
3292 1404
1618 4403
4423 4340
2819 2678
719 3813
3066 3078
253 92
1044 2135
1527 4376
1874 3886
2801 2427
2192 3325
2482 4517
696 197
957 3727
3874 3956
2128 2871
4679 3932
2419 2634
2233 2043
4464 2051
2744 694
4107 1601
3304 2358
1175 2099
3926 4345
1698 35
4606 2695
92 989
476 578
4645 2521
4926 793
4961 4099
1602 4758
3930 4569
4457 4709
3467 667
292 256
2261 1515
2955 99
4098 4966
3745 608
1009 2769
4637 4528
2135 897
3390 1179
2289 1258
4633 145
2684 153
938 3843
1016 3984
2233 810
2599 3974
716 4277
1734 4339
130 3590
4901 2691
3840 1788
18 1879
4379 4896
2306 121
4199 2457
1976 4489
3690 3980
2565 671
599 4940
3729 2962
2582 4755
3889 3815
3715 3083
3507 3426
3874 2168
987 770
78 2935
3120 3010
2740 3459
4330 3560
3875 393
4326 1780
4951 4592
3430 4620
3369 57
4 4202
2294 2643
4355 1591
3227 3363
1512 1313
2873 4970
2905 2537
3798 4290
4976 3418
973 1099
1500 1947
3585 565
3525 4440
4955 750
1044 1930
4806 2208
335 3226
3186 4544
2250 2413
4388 1616
312 4681
87 4238
3643 3985
3480 3689
1377 4103
3620 1751
2416 3551
1481 4814
2482 899
4103 854
3212 2973
625 2159
145 1013
1830 4210
907 275
1238 227
671 995
1751 558
3781 4683
3823 1241
1216 4967
4129 1204
2359 3478
967 257
637 3235
3907 2360
4020 506
4782 3263
3225 1487
2324 4623
3717 486
1812 1039
492 3626
2652 3508
2818 3046
2334 994
1065 2210
2553 415
2071 2103
819 3237
4391 628
3525 3997
526 3362
2232 996
2285 593
1255 4762
3723 1145
1012 2621
2607 3947
230 2460
2257 3275
4691 3834
2869 3244
593 1225
1880 3742
2306 1889
3425 2927
4267 3273
2818 4140
4796 4154
3342 4366
2363 3463
660 3557
1453 2535
2884 4221
3224 3523
3790 1740
4893 3927
996 2020
1582 785
394 4556
766 3021
1973 360
3423 2369
490 4884
1002 1015
2601 455
2288 1854
4495 4590
4940 4031
1845 3654
1379 3464
4796 1720
705 357
33 2455
2871 3352
3694 4869
2843 4452
3526 1156
573 4599
22 735
2444 3736
1388 1907
1453 2712
2204 41
1630 3439
4380 3041
2098 2065
1745 1293
1066 1956
2102 4981
696 4913
615 484
4420 1881
291 4674
3998 548
4230 3031
1886 3991
3112 2322
2215 2866
1379 2566
4775 2115
3496 2315
2239 910
821 1815
4848 2059
1975 1288
2796 3289
2024 894
458 4876
3840 2713
3875 3946
1403 2456
4191 3937
4787 3367
1529 1557
3449 1781
632 351
3865 1798
2455 709
992 3530
2918 4493
3396 1669
3412 489
1208 1548
2634 4557
1859 402
2285 3106
1352 4711
3120 3559
834 2675
3585 720
3235 1461
4001 1814
3630 4561
117 2048
1182 2929
1911 3378
844 3960
4806 2559
1806 1121
2007 103
3690 3410
3868 1665
4988 274
694 1855
3543 941
3790 1260
755 1858
197 1967
580 1962
2007 3994
3053 208
3808 4832
84 3318
2590 3988
934 1369
2376 3254
3599 1755
4734 4834
4556 2251
3174 811
420 4652
3205 2054
1209 568
3467 1111
3476 4566
2584 2667
1269 4695
3694 2085
1423 3750
4264 2952
3640 2612
4857 4300
4857 323
3962 2004
575 3534
366 2633
147 4428
4107 2826
103 4289
2693 1387
4018 4318
1618 4844
4440 4194
2025 3957
4500 4792
3658 4802
1759 1872
3733 1853
4430 546
3315 439
1947 3482
1075 3143
1501 1098
3487 4772
2222 746
1720 4810
2915 3851
1999 3624
2818 2246
4880 831
4943 747
4423 132
3640 2244
3163 3829
3852 2738
941 3281
1296 3257
4005 3751
4379 977
2262 1913
1016 2773
1287 290
132 541
4144 4490
789 4183
3703 3673
4368 4688
156 4073
4645 3110
3991 3619
2303 4381
375 3280
4518 4977
232 721
3683 313
3500 220
2650 4437
2993 4818
4517 739
1564 148
2654 3665
2602 2386
3624 767
4203 2240
279 3033
4380 2956
2296 2631
1924 1088
3790 3959
994 588
870 1472
650 2100
2949 708
3610 2896
4602 4039
2783 3741
1011 3194
4138 194
4221 3119
4741 1107
2761 2555
3049 1031
763 616
356 4820
269 1353
3529 278
3998 4671
4561 1721
1258 3583
4085 659
3935 1836
796 438
4348 2070
1257 3319
495 2778
4072 2166
1962 4411
3995 3646
3620 1495
35 2829
2262 2816
391 1813
1500 3549
2899 4393
1973 2209
1515 945
3542 4481
3569 4851
2062 344
3377 4286
3202 43
423 648
82 1718
2373 2053
527 2526
2618 623
156 4612
995 1860
890 865
8 2410
929 203
1326 2224
2020 1677
2623 1112
2367 1585
2396 4998
750 1760
3988 73
1225 1534
4198 377
2905 1663
3374 4616
4285 3171
1031 689
4945 2682
1377 185
1214 1857
3579 1822
575 3086
382 3213
606 1979
634 2203
3799 3819
3275 1301
1221 3754
3244 4266
546 839
1210 2040
980 1769
1836 949
4326 1995
3976 570
2312 4274
1397 297
1895 2558
4671 4488
3989 2890
4711 1997
4926 330
4460 863
884 2479
1558 4223
3474 2767
1417 4952
325 1674
1665 411
4799 1019
3925 4746
4688 2510
778 1095
3124 1490
4543 468
3949 3371
1334 2748
382 3001
1934 3550
4464 1916
3987 4070
4980 1898
696 2143
1072 4314
4187 2234
1241 4100
4463 1396
4991 3848
4924 29
977 2919
686 4049
1539 1060
3358 4465
2473 2411
2911 4086
378 1456
4088 3870
2422 4231
2613 358
3614 296
3358 4207
1092 4562
4154 2414
4417 2824
2590 799
3870 622
3989 502
1610 3166
3601 3152
668 3341
3337 3103
3683 1338
4115 3657
2004 42
591 2984
3538 2921
3216 4708
735 1441
802 801
2900 2932
718 2319
4167 3498
1044 1882
55 1948
1059 1131
2905 2185
3493 4702
1347 3633
1013 181
1053 2181
1229 146
3813 508
3992 4507
673 4670
2021 407
1019 3081
342 2536
57 3139
3155 2190
1468 979
1348 215
1760 1801
4474 4947
3692 3020
2726 898
2338 465
4832 1386
4622 2874
3416 887
645 664
417 1617
702 1667
3068 2405
2214 3060
4052 4356
3314 3417
1309 820
1002 2743
3976 2161
2294 4715
4667 4872
715 5
4536 2248
887 2141
4249 38
2585 3884
4240 4025
3104 1010
3396 4294
2818 4147
570 4705
3865 1552
4753 2856
468 4938
3853 1262
793 2031
573 4322
2509 4224
880 1749
289 4564
3459 1524
190 3256
4876 200
103 4864
1562 2109
910 816
4203 4263
1208 2292
1695 808
4411 2297
1315 4944
591 4895
2094 4305
600 3592
3733 1888
1881 2595
625 4315
3994 2538
1575 21
1212 1336
3033 2749
4758 1325
3418 928
2376 1077
71 1047
602 3707
1423 1573
623 175
636 4588
2362 2647
768 4004
4652 1480
4507 224
2695 1935
4917 164
4268 1370
121 131
3829 1800
3644 4310
3683 2850
4556 841
1880 835
279 1791
3970 3419
2050 4839
938 80
1019 517
696 2421
188 947
4576 4934
1948 1978
3654 1985
4828 4422
4501 2342
2659 1250
3336 3228
164 1639
1326 1064
830 3070
1007 1086
2745 4737
3389 3782
3264 1018
3956 2563
315 851
1836 1285
2417 3972
1783 3012
2712 3446
3825 384
978 1764
2955 462
4914 3150
1552 1142
2409 1547
1683 4809
3042 3122
3444 1850
1632 2425
1642 2063
119 3265
2890 4459
2099 2913
4258 2987
1864 3766
533 3105
2444 2665
8 2557
446 4319
3369 1649
1815 1671
2543 1205
1379 3006
4600 3671
3118 4601
3319 4668
64 1892
1781 2781
1682 2157
1602 2640
3171 4756
1121 1925
3960 367
4851 3789
2569 1848
4576 4468
2660 2964
2043 3172
2890 2730
2985 3518
282 368
3985 1586
4683 4855
2706 1069
3343 4174
655 5000
382 4237
3670 4664
4941 1174
3051 2218
4247 3688
527 2994
835 2903
4305 4034
338 4858
4858 1375
2612 2580
3024 3722
2444 434
4308 260
3120 3192
3987 2121
606 1779
4424 2305
430 1275
1764 3609
112 3846
880 2316
1602 321
605 268
1979 1970
1602 179
323 2156
3671 547
890 4648
3478 4270
2229 3753
1562 167
2165 4026
2567 2752
4393 1103
281 2243
2224 1036
167 496
1160 2116
1317 316
4490 1159
1490 337
851 4062
618 1228
1347 4392
690 848
2257 4821
2214 4805
1848 1697
3585 1038
2620 2533
4460 4774
4952 4910
4648 1166
1967 942
3701 1233
1766 3134
3366 2977
4586 1005
2718 3477
4120 4035
797 1748
1036 4863
288 1566
3543 3993
4286 425
1690 3810
2720 1900
4456 2370
2993 2910
1009 885
4121 838
3690 505
3690 3132
1708 399
4494 4239
2765 3699
3671 4527
31 4912
4755 3708
4187 3607
2292 822
2690 3734
3487 1938
2991 3600
467 4195
2367 2701
3337 201
524 1329
1755 3562
1642 1875
2910 4084
452 954
2781 4791
1755 4548
3086 913
2275 1243
4804 2041
928 2390
2262 1951
1813 252
4959 2022
3996 4313
4924 1155
1468 1110
4144 3195
4393 102
2461 4200
2533 276
4534 2097
2765 3278
1422 4487
690 2909
3675 2644
1315 89
3856 2593
1833 1588
2792 733
359 1893
3311 1972
533 3287
609 1307
4105 4053
2017 3025
487 180
4166 2198
2597 4909
3225 1232
4107 6
1733 4284
1325 1726
4669 4801
1028 3905
4434 4725
4667 3982
1053 2481
2373 1510
1814 2227
721 1083
940 1165
3781 2146
52 2393
2127 714
4810 4033
2425 2392
4761 341
503 3204
4097 2418
3372 1168
4407 4212
4268 340
321 1424
3848 1820
1671 4996
3918 4063
1340 1707
2414 4759
1183 4161
3591 741
909 1402
3492 4928
1674 1363
451 867
81 3332
4330 3320
1212 1097
3350 2231
2952 3356
790 2556
1610 1792
3606 640
3119 3632
3139 3421
3829 250
464 3869
2595 2286
4769 4653
945 3828
748 4365
4289 3622
4517 1794
1202 678
3235 711
2232 1101
4424 2144
3180 3515
4231 2265
2421 685
131 1991
2994 775
1453 3631
4561 935
1102 3375
1564 3519
2623 772
1396 4024
503 582
1214 3109
87 569
410 3724
4602 3777
1720 2081
2664 3148
4369 861
3125 2797
2602 30
2222 532
821 4817
4377 2357
1388 151
3805 1247
1348 2268
2640 242
1569 1797
1375 2287
3045 1658
62 590
363 4421
1042 3385
2714 2754
4599 246
179 4593
3736 3121
285 3413
1552 2619
4724 3037
3500 1526
4339 4565
4091 4427
3074 1949
4080 2045
4695 4816
4221 157
4942 1774
3369 3891
290 2639
153 4658
1088 4923
4488 4837
4305 4450
797 2603
128 3468
293 2771
1952 3097
752 2235
978 3450
3315 463
2691 229
865 4905
1278 1808
884 1292
570 4032
29 4729
3941 3504
3900 2199
117 3580
3278 3826
3642 1554
2051 4116
2482 3850
1098 1224
3037 2860
1622 2459
2262 2196
2418 3659
378 4296
192 3807
4148 4948
1597 4175
4952 4082
870 3908
4308 1252
3439 1489
154 1856
3987 3089
4201 1883
483 4542
2874 2254
312 3387
608 2365
3551 2668
3508 2908
651 642
4702 3827
339 1969
3206 3876
2873 4078
2020 2514
2956 1330
2427 2308
625 1289
1246 3942
2902 2032
4390 374
3275 1140
384 2027
3740 3435
4793 1625
2176 1689
3644 2420
71 4055
3435 3460
1559 2845
2651 133
3153 3652
2615 1541
4676 829
537 2798
2185 4043
3102 485
613 3948
3235 2642
4855 4749
2193 333
711 765
3634 572
3638 2202
4880 3749
2680 2446
3717 2329
344 1124
1558 3788
1186 4915
1543 552
2022 2880
2147 4102
197 211
3158 2689
4536 2755
3066 4141
3963 1738
2319 782
3702 2002
2488 1717
2010 1354
631 1460
1195 20
2600 981
4838 2739
1782 2055
4277 4625
572 2431
4629 2629
2739 3322
276 4353
1801 4846
2061 2082
4983 1138
4945 2184
1554 2794
3787 3267
226 472
1584 2058
3053 4721
1682 845
1195 63
1330 1694
4290 984
145 3653
2918 2802
4934 964
3033 1538
3658 3738
3121 542
2687 2907
4200 1448
2773 2854
3011 1623
4996 3666
1522 4128
2615 2000
941 3786
4083 2617
2168 577
3396 584
3807 142
1029 2741
3698 1474
2542 959
2949 1785
3638 4508
4254 2562
1677 1358
1857 1297
3477 683
4231 2163
1264 545
3890 365
2020 2380
2686 414
2072 1656
686 4558
1243 4714
3489 2648
1794 4545
2537 3379
3619 3115
1370 4706
1445 4058
1222 305
3274 1629
1858 2545
2797 3177
1097 1286
1131 2951
3622 3645
4585 540
4049 4973
378 1475
4457 1802
2201 4525
1635 2276
767 2309
890 273
2128 4130
2631 4903
411 2320
4763 4933
1978 2524
416 4068
1618 3454
4060 3775
822 3863
4061 1567
4026 241
2624 906
4231 4946
277 3085
1524 422
1969 3503
628 314
1740 137
4097 120
690 1657
3915 3824
3890 2164
4813 1676
3093 2878
1525 2436
580 556
4383 1049
3772 1206
902 3687
3553 1433
912 1037
1325 2088
281 4177
4589 3577
4709 258
2569 4419
714 4165
1292 2810
629 1640
1141 684
2514 3092
2320 2441
4175 2982
2997 3101
453 2625
1396 284
2683 1587
1481 370
1691 3107
2559 1406
4730 1316
3188 4597
1183 4351
1825 2241
4686 3447
938 3386
1425 4646
2422 1157
2268 4713
801 3433
1414 734
2293 2412
2463 4997
942 4559
2461 3779
591 1133
305 4803
1232 3485
864 207
559 3055
4026 1772
3065 3398
346 3811
2146 4260
4891 2969
1462 743
4388 2868
2521 3361
3596 2978
4062 1401
2235 2515
1047 2415
4791 4012
183 1757
3807 1709
3498 538
4459 4642
2381 2576
3379 2382
3439 1139
2595 3004
3320 944
4019 2681
3065 372
1129 4320
52 3405
1202 1787
3495 837
2798 1828
3107 3113
4674 619
2509 3686
3028 872
3404 2605
2095 1094
2127 4650
1223 3030
2456 612
4060 3691
2978 4929
1246 4798
2077 1391
2070 2307
3307 4387
4526 871
711 2270
2884 1421
2897 2339
175 1383
1269 4404
4640 688
61 4767
3985 512
2804 1670
3425 3455
885 2368
637 1239
3236 2904
4322 4644
1178 4087
2252 4654
4355 2352
1624 596
3289 4608
2302 2499
685 2912
2461 3330
3153 2728
4391 1589
2643 611
3464 1805
126 728
1002 2255
1387 836
4814 1904
4805 3451
2967 1439
390 1073
4083 1735
4606 2469
2011 4037
3010 4163
1740 40
2558 1790
1353 4509
1617 1034
1541 536
3912 4111
825 1030
2781 1308
1102 106
2548 2703
1019 3266
2481 1457
4735 1703
4919 725
1434 90
3696 461
1310 3456
4955 4707
2693 4233
767 1914
2065 4535
673 1164
2492 4002
4622 4920
994 1887
2587 3047
51 3705
429 2662
4886 3517
4623 3588
4564 1074
4237 3812
3553 2750
1257 814
3802 26
1288 2154
3397 4402
1238 2517
862 2371
374 3570
766 1511
2150 457
1404 2805
3362 4363
2673 1532
407 1650
2805 614
1427 4361
2804 2401
2431 233
497 4057
4495 2579
4843 3298
4434 271
895 3506
2460 1968
1812 4389
1691 4956
243 1428
990 1382
2951 3026
2408 2669
3750 1389
2207 3837
2651 2849
3307 4003
1887 1479
3264 2477
363 4736
21 1537
4365 983
3110 1466
3079 349
1892 2839
4292 3639
2625 328
4688 4466
3812 852
459 2568
1230 212
3315 4661
1605 4406
3286 2321
4296 1869
2308 2119
3662 1318
3559 3
704 1533
2905 3029
1671 426
1379 135
1671 2273
678 307
3610 1643
1895 1050
3642 2188
2050 1321
785 4898
4554 4811
2845 397
199 1196
360 1509
4215 2177
2561 807
1672 4752
4055 1518
3875 3162
3036 4639
1976 1483
718 4133
14 1549
3894 2029
538 4222
4383 953
715 2495
3965 4182
2828 3064
2491 3667
3946 169
291 1020
4102 3752
201 976
1893 833
2969 4745
1207 2397
212 4045
2045 4899
1554 771
4048 3816
1695 2831
436 3767
4422 2970
2294 1873
958 1741
489 2327
1372 4779
2384 1192
3291 699
2020 1496
280 2995
2286 3540
3662 2791
2737 787
4791 248
351 2505
1708 1896
1018 3462
3236 3144
4074 3883
4548 4870
1099 795
4116 4680
346 1056
3367 3054
4026 1921
295 4250
4384 3179
3647 4442
2736 2504
1317 544
4421 1542
244 3182
4187 1996
4020 1701
2089 3501
62 1606
2061 1928
372 4502
260 2697
1254 4259
434 3050
1073 4992
835 187
4962 2300
2075 3979
2165 2646
4941 847
4665 44
74 1936
4548 2925
2831 2228
684 1993
4509 2126
1483 956
4089 4539
4899 905
2316 2158
476 1276
2706 1817
1671 1359
194 2823
1772 2483
3579 406
1569 4124
3260 4196
1809 1335
934 3002
3359 1899
4460 730
506 4287
2390 2174
1433 2388
4500 206
2873 3475
973 161
4153 4306
1897 4281
3059 4235
497 445
4732 729
4215 2351
1781 1673
1913 514
575 3841
2396 2105
2650 4056
3682 1744
120 3140
3372 1290
3523 1420
3727 1492
4003 2928
3345 3344
3749 3613
415 3128
1377 1535
4312 385
1056 4649
3712 1750
3103 3268
1556 2259
2075 2685
1711 1937
3986 3728
3517 4126
3914 4819
1468 706
1588 3756
977 1832
1751 2808
4815 4999
2444 2336
4838 2138
3423 2314
4877 114
559 2946
1460 322
2570 712
4707 2379
2562 152
562 3656
648 4937
4734 195
4146 4271
3366 1863
62 2858
260 3258
4570 2432
3851 4106
4977 3791
938 3565
1423 354
4421 1327
1936 4169
512 4651
915 1459
2167 4859
1526 1058
3970 564
4628 813
1975 4054
721 2958
1582 163
887 2035
217 1123
4124 3000
3408 4513
816 3255
3728 2840
2242 454
3956 3208
3936 4935
935 4217
1183 531
4099 555
2265 828
1418 3595
2019 877
4383 141
1099 1137
3538 2702
377 4051
167 3700
4805 3297
2573 1700
3957 1811
2620 4503
3819 2729
4557 1807
1536 2762
1177 266
290 2888
3278 4357
2864 4114
3319 1696
1903 3983
738 3739
3865 4742
1973 4847
2919 303
1351 3748
4016 2489
494 2859
4378 3902
1376 3909
4899 2688
4988 2723
4383 2221
3138 3414
2980 1990
1245 4453
4857 1430
954 1652
871 3923
2278 4546
1511 943
870 1219
842 4335
2415 2084
3728 1130
2886 1926
1575 1025
1823 1793
4396 2344
4983 3564
2019 4581
1235 1843
3237 4728
3595 1966
3459 3203
3314 4841
4102 4624
2804 1826
3299 4794
974 3209
4005 4830
4543 2206
713 1398
1559 158
2262 571
4648 238
3331 1712
3773 1731
1857 460
4403 2217
1602 1497
4526 3528
3631 4295
277 478
99 4229
841 380
885 3008
6 2717
3459 601
235 4978
1694 1555
613 3248
3993 4110
2305 396
1335 1922
4363 3207
4342 1486
3898 1193
2 2943
1712 3793
3941 4659
4545 2776
3751 1614
995 4984
288 1488
338 237
3128 2926
3808 191
3755 4626
1708 1517
358 1408
4388 4788
1924 4553
2808 3306
256 1052
4914 3803
1621 2219
242 1014
3314 2901
870 1841
3801 840
4625 4971
1925 2942
4278 2649
4231 3660
4005 916
660 2954
1299 641
1427 3445
1556 249
84 3685
278 2169
1112 3555
3476 4135
789 4740
3299 4373
3000 2795
915 4892
3301 2552
2463 4125
3851 2889
900 3860
4816 2965
4468 3348
1056 448
1196 3061
3101 4718
4068 1520
2192 1686
1654 930
1551 4784
4919 4560
200 2863
2878 1084
555 355
4782 2564
2908 172
3115 868
864 1385
3180 3023
1756 107
2444 610
4522 1237
4198 3713
4991 914
2706 1117
4045 695
1797 2447
3055 36
4531 4328
854 3071
4247 352
1249 4137
3723 680
2921 882
1621 389
2897 4551
2394 1963
4169 9
652 336
4165 1844
4444 3229
346 2044
1574 94
3667 176
3083 4288
516 3933
4100 140
996 1736
1095 4092
4619 95
2003 442
3297 3272
3836 49
2945 4878
1178 4783
4087 4307
4708 886
3472 2129
2558 784
3491 1933
4515 3916
822 1891
3301 1655
2477 1198
1765 4491
1389 4414
1763 3243
1990 1108
2833 4145
1169 3034
2726 764
262 3735
3574 1906
3227 1305
957 511
1855 4273
1232 4485
579 2592
4554 4180
2717 620
2833 1484
1526 4611
4936 225
4155 2666
1049 3309
2334 1126
4892 3481
1445 4865
3486 3817
4606 2122
3738 911
2601 3567
4294 1197
1655 1136
3807 1471
3021 2825
2065 1847
3542 3073
2302 4634
3624 2080
4416 972
3551 3067
4626 4908
1191 3312
1095 3924
223 933
526 1381
1832 383
3064 3310
4271 3922
2161 2437
2958 3323
4043 3471
3134 682
1938 4341
4194 4077
4268 261
998 4382
2789 298
457 875
2592 2594
1676 2117
1501 2705
4012 3019
3374 4888
2156 1835
3171 2920
1857 2476
1729 4261
1739 2865
2926 1125
243 922
1874 2852
4674 999
861 361
2603 350
3879 1026
647 2496
2233 2398
4465 138
256 4684
615 3246
558 373
714 1173
4296 892
1996 3603
3280 13
1053 2711
741 1167
764 1091
54 2715
1487 4800
1083 4131
4133 4136
4786 3328
749 1242
3035 1840
4254 3710
4293 65
3485 2626
3179 2812
1184 2813
3580 317
1383 1945
1632 4127
700 4812
721 4236
1348 4567
560 69
4424 166
1232 4777
3520 475
4615 1071
4742 4678
2262 1719
2287 3854
3089 635
3872 563
465 2151
263 1870
1166 1342
897 2445
460 754
4742 4932
3898 2399
3331 4969
2303 1109
2615 2290
1552 1003
1273 2941
1247 306
4681 1506
3452 4575
3654 997
2371 1006
3565 4324
38 769
106 804
2252 331
1314 1878
4341 205
284 155
2146 3294
4945 479
4530 171
3384 1213
3309 3057
2420 4764
2765 4519
1698 1660
3508 150
78 780
4736 202
12 3251
3480 939
2100 4505
2888 231
1406 2107
570 75
3910 2213
4839 876
18 4473
256 4965
2282 4075
2955 649
3503 4184
2602 3594
957 1940
89 1261
2703 1684
4308 2887
4886 2560
1103 2734
1330 2092
4142 2775
2182 4621
3256 1600
261 513
2726 4750
2141 1035
2041 3895
1214 1753
2321 2478
2654 4479
408 3453
1205 759
4486 3218
1914 3381
2427 3873
147 3441
1510 1699
4806 2898
2748 581
4116 4241
5 2785
2734 37
2476 2313
3753 4038
2457 3084
2022 1631
995 669
4102 3953
131 1132
3020 1256
1600 4692
4858 2574
3026 3747
1956 2253
2353 4700
3823 3545
338 2770
2797 4179
3282 4563
2889 4435
1372 960
394 210
2462 2817
99 986
325 1545
3206 2170
906 4771
1943 4939
4556 783
1497 3521
3892 3317
3350 2857
1806 4354
2689 4467
2508 2404
4163 3431
1269 1154
4288 2846
2168 843
3501 3505
1873 633
3609 3167
764 1226
1535 1473
3661 3769
3369 4856
4332 3881
4787 3785
2360 1917
2720 4022
4547 1203
3703 3027
4953 213
3445 1796
3291 3990
3036 1100
4116 679
3371 209
2518 2236
3408 2694
4955 4532
497 693
3935 1215
4388 3234
24 2448
1296 4042
3991 3108
551 2867
535 677
4804 2506
742 239
163 662
2970 3514
3890 2961
1774 1498
2941 72
4405 2638
1330 1312
4560 1048
2275 3966
4654 32
128 3711
2535 3293
194 3623
2273 2793
354 1220
3547 2249
1933 4438
1011 3929
3706 4304
52 67
3841 866
3384 3094
4142 2074
3472 3904
4556 2332
4089 2924
509 3147
1708 2033
302 1450
4919 1661
559 4359
1456 2263
4183 4448
3137 3465
2736 1628
3094 855
81 2142
1544 800
3668 3858
771 4050
3429 3527
3851 3039
4230 1355
913 2931
4189 665
4202 2187
2112 491
297 3181
3689 2374
2846 857
1655 1521
3383 653
1227 4675
2540 4171
4432 3308
2882 3440
1330 3290
4453 2258
1284 1862
120 521
1904 717
2989 3952
4417 574
2146 1598
3962 2622
1846 4630
3209 46
3111 2583
452 4747
1044 4483
495 2894
752 3587
3641 3168
3115 4399
2647 1861
2660 2347
3091 3193
3788 3838
1537 3950
954 4902
2449 204
3342 627
839 4280
3267 386
2540 794
2526 254
4369 1578
683 3436
3773 401
3585 488
3812 3165
1502 4552
478 2999
2368 1778
934 520
910 3563
3687 16
310 1390
799 1960
2858 4781
62 1265
163 2827
467 3432
4610 2872
4285 4795
2202 3043
1205 1303
3997 2009
2633 3704
2398 4766
1791 3509
741 846
3595 1306
4877 1965
4221 1189
1875 951
3190 592
4564 3618
3989 1063
1621 4101
2636 216
2222 2494
2680 2838
733 3151
3329 2006
3111 3052
392 1449
2787 4538
3111 1067
3496 2780
4033 1300
1566 530
342 2467
1159 4571
2769 2757
2256 1645
1926 985
1654 3277
4563 4591
2313 4921
933 2861
4290 2855
1042 2707
4663 1568
4828 311
4021 2328
988 45
1239 4248
4940 4176
416 3214
2087 3116
2792 1679
2701 3261
2332 1319
2292 643
1275 4492
990 4431
1968 4346
2127 3239
195 2588
3420 4537
2045 1867
3623 3621
4230 3409
4025 3048
3222 96
4080 2069
3523 3249
2429 4134
455 4631
1651 1170
3517 3382
2999 4364
2643 661
193 1702
4819 2677
781 792
1532 4439
1515 2821
4244 1118
4424 604
612 2335
2618 3196
3047 3189
4952 2391
423 3978
3036 2948
1265 2073
728 3392
3651 3062
1797 3575
3507 2774
3583 803
3767 1961
1306 731
2918 2572
2896 4069
2591 4710
2587 4823
1309 3676
1684 4911
1443 4604
2791 412
951 961
726 70
2603 3842
779 4748
2511 3009
2302 2885
4453 110
2451 4510
4696 2179
1830 1463
4977 1583
1516 968
2614 2546
1665 3133
3751 1608
4356 3973
4649 219
4136 594
816 1158
4917 1482
4869 387
3631 510
828 676
1402 134
1534 4720
3446 2725
2187 2220
4728 2934
694 2015
656 3038
1682 2892
61 251
2419 3806
2420 936
3931 3346
2246 1819
765 2627
2993 4930
2707 4394
1992 3681
3277 962
975 3768
2958 762
2047 4227
2524 3458
1644 3821
2610 4209
4080 3866
552 2472
2378 4469
4214 3250
2798 1113
2159 2722
4725 2311
3703 603
2631 3056
2010 4987
4701 3016
559 88
3245 4029
4354 566
4907 2598
3954 265
667 2577
4079 2333
3927 2140
1911 2364
1151 3231
1226 1919
2228 554
1118 2704
4581 1987
983 2108
4522 1540
3314 4367
2408 19
4124 3232
2692 624
2622 3576
72 4785
3851 2284
634 3522
383 774
1987 2836
3136 1231
484 1128
2659 3170
4062 1837
4236 4541
2481 1561
3159 4160
3437 3582
1788 4673
1142 3864
2192 923
130 3544
1107 3357
1341 2786
3503 607
699 2541
2140 1392
602 1514
2504 3584
3239 1662
1419 2470
2321 663
461 2064
4244 1637
3469 4950
4127 501
4407 4555
242 918
4907 369
1704 4344
2907 4550
2783 2012
383 2014
1350 3830
648 3920
653 2842
3069 756
2297 4461
250 1784
4363 1761
407 2225
3402 4276
2300 3814
3254 376
1463 4682
1811 586
4988 691
3947 3215
1365 2976
4076 91
2276 2291
4248 1346
630 1001
39 966
1331 4580
213 2766
897 1908
3668 1033
1661 3262
1969 4520
867 4245
877 991
4318 4852
3007 4071
1382 3655
3318 1596
1437 3014
3113 2434
2913 4151
875 3076
4449 4401
3884 4331
676 2700
4832 4822
1400 4173
1242 3512
3833 432
1582 859
1256 550
3026 1470
2119 4723
3760 1399
870 1446
1611 3187
2676 2953
1437 1971
655 221
1626 424
4862 267
1189 4443
2643 3862
1156 1469
2845 3552
4589 300
3139 1613
4393 2295
4080 1339
1354 1646
4988 2345
590 3684
3246 4744
2158 2835
2164 4516
1326 3726
132 3719
527 4727
2075 3731
4248 2349
377 4636
1896 1553
3157 1259
1319 919
1050 3183
1898 874
686 2269
4289 4081
2758 2490
170 3368
4740 3198
3780 3276
365 4549
3786 849
662 2784
2627 2280
4077 873
3315 3082
3765 3335
3550 444
1301 2571
2286 184
3229 2534
3813 2500
231 1842
484 1641
2126 4301
2769 104
2921 3223
4314 4906
4585 4579
4073 4751
69 2484
3467 1413
321 1773
385 927
1190 198
2878 2037
4174 3625
2752 143
2214 3877
4779 2423
2873 3018
411 2008
651 2148
2515 4875
3793 529
205 2468
3112 3510
1298 549
4224 4583
4115 697
2354 4993
4846 3771
3239 812
647 3677
2624 4867
1035 3809
836 304
3207 1004
217 4768
2504 2424
1074 2800
3387 4958
4338 3605
583 955
1915 3537
705 3897
866 1185
711 2661
460 4325
2774 1687
3301 3271
3287 724
3263 1894
168 4719
3621 4482
1350 4974
4558 4150
3916 1633
19 2375
2144 1964
989 948
4064 1429
4654 2981
3453 218
1417 1079
1984 2230
3719 236
143 343
3688 178
3750 539
2964 1730
1536 4197
2080 1986
3234 2596
129 329
3532 2883
3246 3778
4020 427
4269 182
813 3499
3833 165
1750 4918
2499 3233
2964 3792
3284 1829
4048 3220
1019 4703
2751 1816
1045 4655
4248 1068
714 3470
667 2498
3385 362
2737 2696
1857 440
1521 3270
2742 324
1353 4041
4508 2611
4681 1912
4567 2439
117 3096
1238 1804
4183 4617
2723 2950
3043 4894
2222 2914
2166 400
329 3669
2567 3415
167 1775
494 3919
4515 1188
2627 2301
2615 4666
2322 707
4170 173
3033 456
1163 2298
719 1122
3102 3072
3314 3502
4453 2671
3277 4672
2264 4008
4035 1371
1039 2383
3773 2145
2756 4656
3706 4158
644 301
2599 1834
3312 1737
3289 4272
163 2606
624 27
2854 3637
3459 4989
889 3129
4729 4309
2977 1852
637 4253
1782 4780
3994 3774
3506 2237
4940 963
216 108
143 4521
3701 3951
2782 4030
1376 2672
3574 1176
1265 3627
3083 2503
3795 4358
3938 3764
828 4334
4763 3678
4091 334
4726 2875
3404 3693
3522 4371
4376 1528
1351 3354
4765 869
3026 2986
1794 381
812 3259
3596 3005
4079 1455
4786 806
2126 3334
4965 519
1757 3211
4980 320
4338 413
1291 2247
4123 222
4842 815
2762 3709
4293 4471
2819 2663
2352 2497
1292 1149
4432 3635
696 4168
1004 1384
695 86
4095 507
2577 2862
281 901
2737 1104
3617 3608
2297 3566
4619 318
2152 2547
2378 4000
4935 2879
2770 4613
2140 4797
3065 3090
854 1572
2787 850
4585 1087
3500 523
1605 3316
547 3479
1723 753
947 777
619 2026
4841 2486
1035 4047
115 4990
4053 1218
1452 4206
4907 3770
2701 971
4135 646
368 162
3258 1953
1335 123
1949 4010
1670 4242
3977 473
3863 1513
4728 2183
648 1550
2497 3763
3469 2519
545 2090
3670 1693
1381 2046
80 4311
4514 1362
1053 858
1114 2139
2527 4193
4485 2028
2575 3438
1611 4218
2124 4638
537 1283
3650 4677
2553 3556
4222 1771
2750 1789
3442 2893
1512 2038
4089 327
4487 4299
2832 3568
2821 3572
1158 1093
795 4627
1795 3351
273 1200
532 3131
1600 3058
1327 4598
2358 4410
3501 4470
4509 2507
837 159
4897 2106
1373 1021
418 3333
113 2016
1165 1777
2168 3240
1541 1442
2151 1217
2825 1161
2961 1932
4341 2068
3038 4028
2705 3636
1875 4113
2400 2803
3792 4874
2262 58
3546 3878
896 3399
16 1604
1757 309
4820 1770
1895 4023
593 2721
3809 3197
3161 4409
3892 395
4611 2042
243 2331
1685 3967
108 1571
2700 2939
4829 2120
4294 2450
4056 3400
2962 3818
2542 4954
3495 93
1649 3355
1130 4188
4643 1519
2128 2428
2238 2406
204 136
124 1918
2015 4252
188 567
2201 4698
267 1577
4416 1563
3957 4015
2361 3928
3342 4647
2270 2389
4175 4883
4078 1977
2482 4036
1823 1436
459 2274
1068 3571
2115 4982
1577 2523
4071 17
701 3164
14 993
3202 1251
3578 4524
1268 2549
1096 2608
2333 1716
910 2180
2063 3885
4525 4476
509 1366
3348 2438
2623 528
103 4256
872 2923
4891 3411
4213 4506
2664 2355
2780 3077
4012 4849
4031 3847
3112 2529
2208 1367
3642 4374
682 4211
3694 4433
4126 2936
1417 1681
3687 2317
1485 2330
3220 3154
4058 658
2757 621
1864 56
3650 2194
1463 1057
4077 1576
4148 904
1825 4152
2546 2777
907 1374
2486 639
54 3911
2105 969
4287 2710
3442 10
3041 4807
1401 638
1886 2057
3801 946
4792 1115
3644 3893
4002 144
3425 3365
192 585
4190 449
367 1394
4427 4349
4153 3969
395 3861
213 589
4383 2891
3546 4573
536 4922
884 3326
3031 2807
4320 2998
1282 925
259 2790
2036 4375
3567 2853
4544 3615
2917 53
1553 1868
3367 1664
145 4462
1841 1620
1593 3744
4239 883
382 1106
2044 4372
3995 1454
4780 4445
3167 2283
4701 1332
1309 2719
4188 3032
375 1799
4073 3142
4341 4436
279 893
1030 255
3059 1725
277 2957
3078 2453
1419 3003
446 3247
3162 1727
2863 1051
1738 2001
4702 3242
4887 2465
3635 2679
2495 2395
2845 3347
4505 2940
730 272
2418 2132
107 1135
2142 109
1572 4009
1069 4904
3659 786
4063 1981
3315 2645
4116 1240
1569 3191
257 965
1235 853
1643 2876
3559 4854
318 1435
2508 2966
2759 3882
1863 2186
2823 3849
4623 332
462 4594
1814 1393
4772 1810
4694 3098
4529 4498
3132 3697
2773 2191
4521 1147
4985 817
3961 3628
3556 2716
3643 4455
3053 818
1367 4635
3846 2005
3502 1866
2661 2768
2413 4216
1529 1910
1520 3612
205 2356
1376 543
181 2110
2262 1089
895 1762
3479 3832
955 2056
312 1267
3708 4478
2686 3533
55 59
880 4007
2373 3373
152 1027
4770 2341
714 3716
4803 3200
3069 4149
1100 4204
2924 2979
3417 2171
2572 2475
3033 101
455 4279
394 3524
4705 3598
2170 1653
1657 3784
4929 1494
4921 1090
1841 2137
1102 4757
1657 2133
3856 654
1688 3401
646 1368
558 3100
728 2906
60 4282
408 3040
4210 2698
3011 809
1696 1281
4159 3285
3186 4386
1629 3679
2170 2551
1963 3313
767 2670
3729 1081
2394 3087
2897 3178
531 4850
1864 240
275 4475
2002 1364
4170 3283
1099 1054
2211 3757
1794 2834
1073 4986
4299 1955
770 1201
3388 3649
1251 437
119 4046
910 692
485 1055
4295 3839
2617 1458
1709 2937
362 926
3897 4704
2892 3175
1088 3300
1712 2990
4194 2216
4510 878
3079 3835
1116 1743
3452 264
1350 1187
1480 2377
2830 4835
3351 68
2339 1647
663 2746
4388 2343
2244 3302
2032 2049
3205 83
2714 1615
4963 1713
4122 1266
4056 4156
4383 1803
2927 466
619 1983
2177 4132
4464 3593
4112 4685
4048 1248
4714 2764
2516 2922
4535 1041
3856 308
4626 860
1217 4178
883 2788
2307 2272
2285 1531
293 3063
3722 3146
3695 4836
1056 1078
2816 1666
241 2433
3445 2212
4113 3403
4958 920
3602 2299
3000 79
2938 1678
1154 2944
3155 3586
1530 3221
4955 499
587 1295
410 2628
4364 3737
2652 1431
3188 447
3917 2131
975 1467
1448 428
2218 4662
4098 4429
3609 1508
2890 4395
843 4337
810 2844
1723 2655
364 1982
1050 518
296 11
3825 2096
1158 1994
1385 1732
4576 4587
1998 493
1878 1333
819 1022
1885 1923
3391 2747
3496 2528
3106 2653
4406 4104
887 1043
231 1415
4011 2266
706 4172
1877 3732
3031 3448
4225 4323
795 245
26 3981
884 2173
1470 2848
3997 1272
2114 2023
4744 3427
3933 122
3216 921
871 2205
2367 4949
1919 2960
2608 3958
621 3210
1831 525
4788 744
1513 2260
498 3095
2939 2772
2664 732
3111 1958
3101 4477
1527 4568
4389 4889
2779 4139
2618 2881
3782 480
4678 4484
632 4454
935 2870
907 2992
2411 2814
4608 773
2719 2326
2830 431
4648 1565
3808 1464
1954 2895
3003 791
3706 1062
1985 3921
2487 1746
2828 1675
685 4603
1278 1023
2256 4265
4967 4208
499 4257
4501 3185
3491 4717
2992 435
2436 471
4587 4370
4773 1152
3101 982
2167 4327
4005 3422
1235 294
1375 4415
4351 2153
1237 4090
885 2052
1656 3903
2723 2226
4204 2809
3087 2471
2109 2111
3404 2586
4475 576
2079 4398
4030 3511
644 4243
2714 522
26 2402
4867 111
1813 2877
1536 4614
3240 1776
242 2175
3537 319
3077 125
3593 2635
2093 2609
1364 3999
2201 827
1100 1499
3659 2178
2992 3535
4159 2039
1170 4916
3195 1752
3532 788
3360 4697
3670 2245
3239 4426
2221 736
3371 776
2319 2501
1104 3199
1333 1477
3466 1320
143 2372
4312 3269
4183 4731
2750 2407
1710 2522
1622 3370
2418 2155
4982 3296
3476 1768
969 3230
3241 3424
3918 2189
4284 2604
4264 2530
3894 3943
602 1395
2703 379
2317 879
3980 950
3478 1070
79 1909
4022 3407
4525 4040
1427 2350
1815 326
2456 4632
4097 4827
3959 3541
2517 4164
3413 1920
254 2674
2140 4853
947 2616
1579 3022
937 4109
612 3494
1270 1343
2829 4066
1989 4925
1655 4425
4515 3680
2784 1024
951 1328
1263 3126
2684 727
4592 2930
3482 2466
4717 3169
4161 1959
4547 2637
2131 2304
212 3490
602 2554
2483 3975
4476 4418
2868 50
1281 2971
186 1634
3264 2474
4639 553
1406 1680
329 4995
718 2366
2647 1609
3346 4093
328 1344
3436 4157
2289 3968
687 1410
687 1845
687 1059
687 1648
687 1391
687 3232
687 3975
310 642
310 1494
310 122
3264 4782
3264 3125
3264 3834
3163 3414
3163 3737
4451 1938
4451 1643
4451 2206
4451 4341
2751 3762
2751 4976
2751 3691
2751 400
3360 3035
3360 1322
3360 1298
3360 2559
3360 505
3360 1332
3360 2005
3360 4697
2223 31
2223 556
2223 448
2223 240
4641 4862
4641 1165
4641 1104
4641 2891
3879 299
3879 608
3879 2085
3879 4422
2493 241
2493 1549
2493 4304
4159 2658
4159 2027
4159 4169
3190 1759
3190 116
3190 1735
1724 2614
1724 2265
1724 3775
1724 135
1724 1964
1724 4627
1579 546
1579 807
1579 827
2819 4860
2819 409
2819 1247
2819 2883
2819 3968
4824 2128
4824 4815
4824 2844
2087 2898
2087 3893
3658 4516
4530 3964
4530 3009
1884 4572
1884 3353
1884 2735
1884 1360
1884 3085
1884 2925
1884 1187
3118 235
3118 4487
2396 1127
2396 880
2396 1798
2396 4075
2396 4470
4458 1715
4458 1754
4458 930
1722 3329
1722 3322
1722 1914
1722 2467
1722 2670
8 1032
8 1273
8 1748
8 2888
2491 793
2491 4591
3035 3244
3035 1288
3035 4054
978 2165
978 1145
1274 1468
1274 3554
1274 4975
1274 440
403 1349
403 2558
403 1363
2325 156
2325 4955
2325 2112
2325 4437
2325 3361
2325 4937
2325 4969
1711 1028
1711 4628
1711 4772
1711 4125
156 4014
156 2840
156 2923
156 3247
1227 515
1227 1807
1227 1953
1227 1343
3497 2760
3497 4217
3497 27
3497 1070
3944 293
3944 540
2419 1365
2419 4730
2419 1880
2419 3014
4955 81
4955 1712
4879 3112
4879 3510
4879 707
2487 4765
2487 4810
2487 3734
2487 4946
2487 1157
2487 1027
2761 4533
2761 740
2761 1351
2761 4128
2761 3842
2761 4209
2822 77
2822 2659
2822 1040
2822 1616
2822 2022
2822 3921
3825 1516
3825 4715
3825 611
2997 3416
2997 3520
2997 3236
2997 3021
4383 160
4383 3463
4383 4580
4383 1647
2128 4220
2128 4122
2128 3474
2128 656
2128 370
2128 3220
4297 4018
4297 3281
4297 4068
4297 1994
3206 420
3206 3124
3206 4166
3206 3874
199 1877
199 4599
199 2141
199 4749
199 983
199 1196
199 1420
199 1161
199 2326
347 655
347 3815
347 3012
347 1069
1462 2708
1462 2025
1462 235
1462 1205
1462 4487
1462 2894
1462 1955
2949 1808
2949 2171
4027 2833
4027 3624
4027 198
583 3342
2201 2275
2201 3428
2201 1668
4146 4903
4146 2941
940 3339
940 778
940 165
940 3494
1830 4210
3093 3913
3093 2631
3093 2053
3800 1529
3800 3940
3800 4865
3800 773
4585 28
4585 2461
4585 2520
4585 3643
4585 1586
4585 4579
4585 4768
4585 428
4167 3369
4167 1649
4167 3421
4167 4856
4167 1613
4185 1669
4185 4175
4185 680
1714 2989
1714 3614
1714 296
1714 1173
1714 800
1714 3470
1714 3716
4693 2409
4693 1547
4693 4176
4693 2317
4782 1210
4782 1585
4782 2701
4782 3468
4782 2206
382 3213
382 852
382 1106
3602 234
3602 4459
3602 4642
3602 3481
4097 4276
4097 1446
4511 4732
4511 3730
4511 407
4511 2854
4511 529
4511 3637
4511 1550
1468 3907
1468 1019
1468 4421
3934 2654
3934 1151
3934 2035
3934 4878
3804 2261
3804 3476
1279 605
1279 4049
1279 1978
1279 4973
1279 3769
1279 2269
1080 207
1080 1385
1901 1546
1901 215
1901 4713
1901 4567
1901 2586
1255 4120
1255 2149
1255 4924
2686 2737
2686 3484
2686 3796
2686 2369
2686 4801
2686 603
2233 2043
2233 511
2233 4550
1284 214
1284 364
1284 4090
3529 2319
3529 2063
3529 590
3529 3387
2884 3495
2884 4221
2884 1421
4377 4733
4377 2430
4377 3518
3260 244
3260 2306
3260 1120
3260 789
3260 1991
3227 1423
3227 3363
1838 4089
1190 2361
1190 1950
1190 3322
1190 2138
1190 198
1747 3960
1747 367
797 3842
3907 363
524 450
524 1114
524 4411
524 1697
524 2029
524 1056
4882 3254
4882 376
117 1741
1409 4663
4629 1556
4629 4745
3683 4330
3683 1973
3683 1338
3683 944
3683 4847
4942 4123
4942 44
4942 3203
4942 1374
4942 4279
4942 4475
1516 4691
1516 3834
2160 2270
2160 1346
2160 4253
2916 454
2916 2895
1569 4059
433 71
433 1957
433 3518
433 3030
3425 2927
3425 3365
1452 752
1452 3940
2449 3478
2449 4217
2449 204
2687 2002
2687 2907
2687 1589
2687 1965
2687 1364
2737 2518
2737 4350
2737 787
2737 2236
2737 3199
2963 1973
2963 4847
3376 4637
3376 107
3376 3567
1066 2118
1066 1601
1066 6
1066 2228
1066 2717
1066 620
3995 1145
3995 1669
3995 1631
3995 919
359 3224
359 561
359 578
359 1893
359 2326
2623 39
2623 4102
2623 3555
2623 3953
2851 2378
2851 4423
2851 1645
4619 3150
1171 4329
1171 3186
1171 2297
1171 556
1171 4461
4074 4194
4074 616
4074 3633
4074 1205
4074 4077
4074 1576
1268 3487
356 1263
356 2649
560 2363
560 3463
560 2321
560 2746
119 1525
119 2590
119 2436
119 4046
119 471
3099 4689
3099 4262
3099 3041
3099 1555
3099 4807
3939 2515
3939 3587
1638 3718
1638 884
1638 2479
1638 1398
1638 1149
1638 3911
1323 2075
1323 723
1323 4166
1323 82
1323 4562
1323 1232
1323 3128
1323 2946
1323 36
1323 2260
188 947
188 777
188 567
534 2495
534 2785
534 2364
2833 1999
2833 2727
2833 3964
2833 3624
2833 767
1946 535
3640 629
3640 2612
3640 1108
3640 520
2502 1282
2502 4586
2502 2230
3899 1046
3899 2609
3484 4042
3484 4211
2660 1145
2660 3312
781 917
781 2758
781 2490
4219 1395
353 3941
353 482
353 643
353 3556
4665 44
4665 3203
4665 601
4665 1109
3912 2197
3912 2575
3912 4865
2988 4945
2988 942
2988 2912
2988 2073
2988 1987
3307 4387
3307 4003
3307 2928
1042 2017
1042 3385
1042 926
1294 573
1294 737
1294 4322
1294 4260
1294 983
1294 1598
1294 2108
1294 68
1642 761
1642 3885
1642 3403
1642 1328
1373 737
1373 544
3042 1044
3042 1882
3042 2055
3042 4483
3042 2175
4885 4456
4885 3477
4885 3436
504 2374
504 3076
1397 3664
1397 293
1397 4702
1397 180
1397 4608
1397 3181
1397 3242
3149 1559
3149 3316
2363 525
3480 2112
3480 1729
3480 2374
4430 2561
4430 295
4430 546
4430 839
4430 4182
4430 4280
881 32
4886 243
4886 4664
4886 2365
4886 2951
3024 98
3024 118
3024 1134
3024 840
3024 916
3024 946
3024 3146
1314 3153
1314 1333
3358 587
3358 967
3358 4207
4669 3871
4669 4801
987 4951
987 4184
987 4520
2569 1848
2569 4419
2492 1129
2492 2112
2492 1385
1603 4674
1603 999
1603 3505
1603 2026
3796 666
3796 1296
3796 3257
3796 4636
1501 1224
1501 3636
3350 685
3145 247
3145 1619
2378 132
2378 3948
2378 3649
2378 3169
4220 3205
4220 4815
4220 2054
4220 4999
4220 83
2765 3699
2765 4817
2765 2793
2765 326
615 1168
615 2401
615 1826
615 3246
615 4242
1163 1245
1163 168
1163 2843
1163 2613
1163 1701
1163 2298
4514 1380
4514 1543
4514 4656
4112 4685
2630 2959
2630 2465
1636 1376
1636 3909
1636 2672
1636 543
535 2435
535 62
535 877
3773 3795
3773 1566
3773 4971
3773 4328
3773 960
277 4857
277 1723
277 4300
277 508
277 2156
277 478
277 2594
3701 118
3701 4743
3701 4656
3630 4217
3342 4647
4776 2820
4776 1933
4776 4717
4776 3169
4529 4913
4529 2143
4529 2421
4526 4474
4526 2148
4957 4014
4957 3349
4957 4142
4957 4501
4957 4319
1153 2899
1153 2065
1153 4902
1153 2862
2542 462
2542 4229
2542 2343
4329 4544
4329 2029
4329 3615
2899 3114
2899 742
2899 547
2899 2622
2899 3763
2899 3903
1502 989
2673 418
2673 752
2673 2818
2673 1532
2673 1819
4016 3443
4016 4680
4016 2674
3715 857
673 263
196 452
196 1897
196 547
196 2393
2359 2417
2359 1070
3962 2098
3962 2414
3962 42
3962 3708
2718 2149
2718 3477
2718 2722
2125 232
2125 1083
2125 2958
2125 4541
657 4730
657 1629
657 3014
609 1307
605 268
4413 675
4413 4001
4413 2227
3253 62
3253 2073
690 848
690 2909
690 1657
690 3784
4397 2882
4397 1628
4397 3440
2482 739
2482 1794
2482 3850
2482 2834
2967 3486
1622 260
1622 3258
1622 3370
1733 80
1733 3639
1733 3565
1733 4311
346 4507
346 3811
346 219
346 4372
3539 3554
4079 4661
4079 3082
4079 1455
4079 1716
3157 3179
4726 2239
4726 2131
1833 1310
1833 2077
1833 1588
1833 1391
1833 3456
186 1634
766 3809
766 1161
3173 1263
924 4607
924 2161
924 2797
924 2437
924 3490
509 757
509 330
509 1366
28 1586
28 4455
3372 1168
2162 1758
2162 2093
2162 956
2094 4563
1582 2003
1582 163
1582 2140
1759 720
3543 941
3543 1850
3543 849
4786 3252
4786 4729
4786 3328
2947 392
2947 2920
2947 4795
2947 4823
4201 4246
4201 1883
4201 3749
116 2609
3075 2257
3075 1202
3075 2571
4400 2344
4400 2598
2591 352
2591 178
1282 3391
1282 2230
1282 925
1282 2747
3647 865
3647 4648
3647 3287
3647 273
3647 238
3647 724
3647 1200
1053 1935
4831 4286
4831 3451
4831 209
4831 985
3772 2550
3772 462
3772 2218
3772 2868
3772 4662
655 5000
4064 2513
4064 2699
4064 1972
4838 3322
4778 1074
4778 2800
4778 1563
3694 4227
3694 4433
580 4411
580 3566
2706 1069
2706 1817
2706 1117
3507 1503
3507 285
3507 1241
3507 1260
4457 2024
4457 894
4457 4012
2267 1356
2267 3457
1934 1082
1934 4628
1934 3164
4446 1223
4446 477
4446 2413
636 823
636 57
636 3139
636 3355
1522 4128
1304 2897
1304 4551
1304 1647
174 2804
174 600
174 1670
174 2401
2599 4143
2599 3974
2599 1834
3397 2114
3397 778
3397 2051
3397 1060
3397 2994
3397 4241
3397 2291
2570 2811
1825 4015
1825 1272
1786 1632
1786 572
1786 372
1786 501
4600 3671
4600 547
4600 1062
1315 4082
1315 322
1315 96
335 3048
4186 4975
1574 1162
1574 4355
1574 3062
1574 2530
4988 4353
1485 1336
974 3209
974 46
1705 2337
1705 1271
1705 549
81 3389
81 4640
81 4437
81 261
3516 3362
3516 1381
3516 4583
645 148
645 664
645 3005
645 3003
3930 4338
3930 2600
3930 3605
1558 3823
85 909
85 4382
85 4431
85 134
3696 430
3696 4866
3696 2070
3696 461
3696 255
421 1754
3601 3152
4198 4051
4198 4636
3059 1607
3059 861
3059 4235
3059 361
3059 1725
700 1740
700 1920
1407 2806
1407 1505
1407 4385
1407 2695
1407 2669
1407 19
1476 282
1476 3194
1476 162
1476 3975
4813 4896
4813 3280
4813 1832
4813 1799
287 672
287 2714
287 891
287 1860
287 3848
4187 3429
4187 3561
4187 223
4187 3288
4187 3475
481 917
481 3852
481 2758
481 2738
481 2490
1763 3243
824 3743
824 235
824 1221
824 3633
824 3631
824 4295
824 3293
824 2894
824 510
824 1955
824 3839
2792 3900
2792 733
2792 3151
2792 1679
2792 624
3429 3561
3429 659
3611 958
2732 4179
3491 4438
3491 4717
3491 3169
3745 4664
3745 1428
160 775
1309 476
1309 3546
1309 3144
1309 2326
2801 2427
2801 4103
1635 2276
2018 4712
2018 3998
2018 4671
2018 4488
453 3819
453 328
1356 270
3840 1788
3840 2713
3840 4673
2744 2015
1597 4175
1597 2982
4610 2872
4610 2434
4610 3537
1512 668
1512 1313
1512 3341
1939 2837
1076 419
398 557
1016 2567
1016 2773
1016 2752
1016 3978
1016 3637
1016 4471
4020 4287
4020 427
2828 31
2828 3896
2828 2839
2828 3108
2828 4448
2828 4399
3314 400
3314 2383
3314 1866
3675 2644
1146 670
1146 1160
726 497
726 693
366 1699
366 3704
1361 4860
1361 2289
1361 3532
1361 1258
1361 3968
2461 1448
1414 734
3762 2469
3762 4539
3762 2924
3762 2375
1767 1222
1767 3629
1767 4803
1767 3200
3383 653
3383 2842
1182 2929
4316 494
4316 4048
4316 4171
4316 794
3987 491
3987 4757
4959 394
4959 4556
4959 2880
4959 783
4959 1319
1451 4121
1451 4518
1451 4977
1451 838
1451 1583
3857 2882
3857 2736
3857 1628
3857 3440
3857 2424
2136 97
2136 1985
2136 997
2136 3921
3650 4013
3650 845
3650 2194
1007 1086
4606 2122
2974 4326
2974 1780
2974 1995
3938 1728
3938 3399
3938 993
2985 4055
2985 1518
2985 2084
2985 2335
4842 2408
4842 2669
3642 237
3642 4415
4189 665
1756 4631
1756 2992
599 492
599 1963
599 3087
2607 3428
2607 3947
2607 3215
4907 2030
4907 1861
4907 2598
3299 994
3299 20
3299 63
3299 1133
3472 3686
2615 4922
2062 4214
2062 4754
2062 34
2062 1124
2062 3250
4926 330
4926 2031
650 2100
650 4505
4072 2211
4072 2166
4268 3389
4268 3216
4268 3782
2361 155
98 702
98 1134
4531 2047
4531 716
4531 4277
4531 4779
4531 960
1403 1047
1403 4055
1403 2415
1403 1518
3091 902
3091 3088
3091 16
3091 1604
1952 1028
1952 4938
1952 3905
1952 2206
4384 2124
4384 4676
4384 829
4384 3179
4384 4638
1195 994
1195 1126
1195 2399
3337 464
3337 1896
3761 1
3761 2918
3761 3380
3761 2802
4495 1828
2021 4368
2021 1650
2021 4466
2021 2225
2021 1320
3366 3918
3366 2186
3366 1081
4602 2458
4602 3902
3668 3858
4061 3159
4061 701
4061 4160
4061 3164
4533 3160
4269 182
4088 3483
4088 2300
932 113
932 4861
932 719
932 3672
932 4300
932 2594
932 1242
1503 3541
718 1870
718 594
3045 1658
1809 1335
1809 123
3801 840
3801 946
551 1378
551 2867
3915 3824
3963 704
3963 1533
3963 2090
3963 2001
3898 2334
3898 588
3898 2984
3898 1193
3898 2399
745 2146
745 246
745 4749
4326 1995
2078 648
2078 4937
4059 2443
4059 3648
3955 3802
3955 2581
3955 26
3955 2402
2066 24
2066 3423
2983 4096
2983 4554
2983 1702
128 38
128 3468
128 294
1127 3682
189 1082
189 4628
189 813
189 3499
3703 4441
3703 3673
3703 603
4660 3597
4660 2152
4660 3766
4660 507
4660 2547
4660 240
4083 3787
4083 4086
4083 930
78 2935
78 780
703 1172
842 4724
842 3037
842 4042
3890 2097
3890 2554
1365 559
1365 1988
1365 1490
1365 36
1365 4888
1365 2716
825 2597
825 3808
825 255
3651 4512
3651 3062
4804 1523
4804 4708
4804 3895
4804 2506
4804 921
3420 4537
1425 2123
1425 1180
1425 4646
1425 4401
4595 4244
4595 3927
4595 1118
4595 2140
4595 2704
4595 1392
4595 4797
3941 4076
3941 1548
3941 1232
3941 3863
3941 643
3941 3731
1418 1046
1418 731
1011 3194
1011 3929
1011 162
2075 3295
2075 3863
1347 495
1347 235
1347 1422
288 1823
2779 4139
459 469
459 2312
459 2274
3536 3013
3536 3408
3536 4513
3536 869
3644 4065
3644 1969
1141 684
1539 2837
1539 1060
3301 1655
3301 1136
3301 3271
672 2353
672 891
672 671
214 1982
3036 1100
3036 4204
3036 1499
3036 553
1183 531
1183 1959
2408 19
2408 2375
452 4618
452 3708
452 1041
292 3559
292 4163
292 3
3733 503
3733 3545
423 1340
423 648
423 1707
423 4937
2968 3430
2968 4620
4826 2583
2760 1587
2740 1859
2740 2303
2740 3925
2740 1560
2740 4746
2740 601
2740 4989
2740 493
4330 3320
4330 944
4464 2126
1626 424
282 368
282 162
1766 3844
1766 3134
1766 682
4096 4554
4096 4811
4096 1702
4730 1504
4730 3274
4730 1629
4730 1971
3670 243
3670 4664
3670 922
269 4509
269 4301
269 3334
269 2507
3910 1976
3910 4489
3910 1483
3910 956
3910 2213
988 1405
988 3790
988 285
988 1740
988 1260
988 3413
988 137
3805 1258
3805 306
3805 3968
24 2448
1527 4568
2337 1298
2337 2348
2641 315
2641 127
2641 1432
2641 3767
1254 4983
1254 1728
1254 2416
1254 4259
1254 3564
1229 146
1229 1960
1683 1044
1683 4255
1683 321
1683 4780
1244 737
1291 3619
1291 3115
1291 2247
1291 2057
3569 4851
3569 3789
4991 652
4991 1820
4991 4700
494 2540
494 3038
494 3919
494 334
760 319
760 2554
289 2440
289 1563
420 1480
420 3869
420 379
4205 388
4205 3867
4205 4911
2302 351
2302 3233
2302 4454
1481 4122
1481 3154
1481 1266
1481 1248
990 1382
2804 1670
2804 2401
2804 4242
3889 3815
3945 4687
3945 1686
124 1085
124 2324
124 630
124 3588
124 332
124 3732
2659 1250
2659 3170
2512 1009
1734 2083
1734 2007
1734 4289
1734 2538
1443 4604
533 3105
533 167
533 496
533 1775
4190 4234
4190 1326
4190 2224
4190 2203
4190 2743
4190 2255
4190 3990
4190 3726
713 2996
713 1590
3758 4733
3758 550
2072 2086
2072 2866
2480 2540
2480 177
2480 4427
2480 794
1337 4472
4120 4035
4120 1371
259 1489
3574 4480
3574 2733
3574 1176
3224 3523
3224 1420
3224 3249
4890 1514
4890 319
2830 3079
2830 4705
2830 349
2830 75
2830 3283
2714 2172
2714 2754
2714 522
1695 3184
1695 808
1695 554
1695 300
1695 304
3011 809
1269 4582
1269 13
1269 1799
2394 1547
2394 1963
2394 3313
613 2256
613 3948
613 3248
613 4265
4291 3086
4291 913
4291 3841
4278 3526
4278 1156
4278 2649
4278 1469
3065 2392
1438 153
1438 658
3416 2035
3416 1035
802 3759
802 3267
802 3433
802 2534
902 3687
902 16
902 1604
902 879
4500 1491
4500 1115
4500 3126
3017 2756
3017 1543
3017 2472
3017 4656
4203 4234
4203 758
4765 3013
4765 869
3051 2868
3051 986
3051 4594
3051 50
3241 3424
587 1295
7 2346
7 1967
7 2421
7 4559
7 4603
2897 2339
2897 4551
2897 3178
2938 3856
2938 654
4589 3577
4589 300
4960 4228
4960 3324
2597 4909
1162 4510
1162 2530
244 3182
3698 1474
4434 4725
4434 2311
4434 4704
573 4322
573 4644
573 983
938 80
938 3386
938 3565
938 4311
1742 74
1742 4481
1742 4169
1742 3073
4416 2440
4416 972
4416 1563
2261 631
2261 945
2261 1900
2261 4082
2261 1460
2261 1681
3389 3782
3389 480
4463 1396
4463 155
3746 1899
3746 581
4107 2176
4107 1989
4107 1601
4107 2826
4107 6
4107 2717
4107 4925
696 4559
4480 2733
705 3127
705 3616
705 357
909 3717
909 2286
909 184
3066 1238
3066 3078
3066 1517
3066 4164
2783 2731
2783 76
2783 2012
4663 3591
4663 1690
4663 741
4663 1167
4663 1568
1795 3351
1795 68
4240 4025
1621 3292
1621 389
1129 4320
1129 2998
3304 2358
3304 2390
3304 3054
3304 3785
3304 4410
2975 4985
2975 817
4504 2098
4504 1099
4504 4313
1708 3888
1708 4690
1708 1879
1708 1896
1708 4473
1708 2033
2306 121
2306 1132
1257 3695
1257 3319
1257 814
1257 1281
1824 2455
55 1978
55 4973
55 59
2124 4676
2124 2099
2124 2913
2124 829
2124 4151
4014 3349
4014 2193
4014 2342
1564 2264
1564 3432
1564 1494
559 88
1525 2436
1525 471
2384 4044
2384 2050
2384 1192
2384 2496
2384 3677
4893 1392
4554 193
2426 3654
2426 997
1214 1019
1214 1542
1214 202
1214 1753
1214 4598
495 2778
495 2894
4806 834
4806 2675
4806 725
4806 2107
4806 1661
4806 1680
1105 2229
1105 3753
4355 2352
4355 2497
4355 3763
299 4238
299 1537
299 3950
4828 4155
4828 3439
4828 2666
2113 4231
2113 2163
2113 676
2113 4334
2013 2496
2013 3677
527 2114
527 254
527 4727
527 2023
1234 1865
1211 4472
4968 937
4968 4109
1880 835
1880 187
3599 3562
3338 1032
1859 2741
1859 3168
1859 4867
3349 3185
1437 3014
1465 4251
1465 1191
1465 3312
1116 3831
1116 3674
1116 4306
279 2578
279 4486
279 1383
2422 676
2422 2939
4880 831
4880 3613
3394 4493
3394 2802
3394 2855
1002 3306
1002 373
4733 3692
4733 3020
4733 1256
1169 3034
3340 2642
3340 1968
3340 2768
22 3940
22 735
22 3827
22 3063
22 773
4963 3325
4871 844
4871 3960
3717 2277
3717 486
3717 2329
2303 1029
2303 3954
2303 265
3343 4155
3343 2666
4686 3447
1411 4615
1411 1071
2873 223
2293 1876
2293 2412
3802 2581
3802 3981
2003 2847
591 994
591 4895
591 1479
3798 4290
3798 4493
3798 984
3798 2802
2709 2665
2709 3050
2709 2336
1890 1905
2539 2454
2539 66
2539 4037
364 4522
364 1237
364 1982
364 4090
51 3705
4214 4754
4214 34
4214 3250
2680 2980
2680 2636
2680 1640
2680 1990
2680 1108
2680 216
2680 2838
2680 108
3526 1156
931 3110
1605 2845
2252 4225
2252 4993
2252 2981
2176 1689
2275 1668
2275 1243
2275 4714
2275 2764
4901 2691
4901 746
4901 229
4901 4137
2742 324
2902 3690
2902 1551
2902 3980
2902 505
2902 950
4098 2278
4098 1685
1419 467
1419 2264
1419 3432
1419 3003
3202 1251
3202 437
4676 4981
4676 2913
4676 4151
4523 1728
4523 1138
100 2565
100 671
280 190
280 3908
280 3058
4980 1898
4980 320
575 3534
575 3086
575 913
575 1185
2444 3736
2444 2405
2444 4344
1682 2157
1682 845
1682 2892
1682 3175
1379 2566
1379 1805
2239 3917
2239 816
2239 1158
2239 1093
4080 4899
4080 905
4080 1339
2972 4285
2972 3171
4292 3639
2338 3080
2338 1217
2338 4178
4251 1737
4251 3401
2955 462
2955 4229
1427 3445
1427 1796
1427 2212
1427 2350
4582 730
3295 4317
3295 1718
3295 643
2610 483
2610 3308
2610 2679
3616 2310
3311 2699
3225 3485
3225 4485
3225 2626
4474 4947
3467 667
3467 1111
3467 2577
3467 2498
3104 1010
2724 232
2724 1083
2724 2958
2724 3323
2724 2266
4225 2354
4225 4993
698 1846
698 23
698 15
698 778
698 1095
4724 1296
4724 4739
4724 3257
4724 3037
4724 4042
3488 4732
3488 4843
3488 4368
3488 3466
3488 3730
3488 729
154 3682
154 1744
4013 1612
4013 3581
3759 1715
3759 4605
3759 4833
3759 225
3759 2534
4716 1209
4716 568
3661 3769
441 1710
441 4226
441 3489
441 2522
3589 598
3589 578
3589 3231
2756 552
2756 2472
2756 4656
4732 3466
4732 729
4732 1320
702 1134
702 1667
263 1870
3345 2488
3345 1717
3345 3344
4618 795
4618 161
4618 4627
4153 286
4153 1941
4153 4306
3760 3853
3760 4928
768 4004
768 4218
3124 4616
3124 4888
3124 3556
2 2943
3591 741
3591 1167
4919 1048
2282 4075
4121 838
2197 2575
2197 3438
4609 39
4609 3752
4609 3953
2098 4535
2098 1847
3476 1368
3476 1768
3496 4005
3496 2780
487 180
487 2771
487 3063
192 1709
149 388
149 862
149 3867
149 1006
130 3590
130 3544
3721 2811
2869 3244
2869 1288
629 2980
629 2636
629 1990
629 216
629 1571
1210 1938
1210 2468
1210 1810
1210 2356
625 4315
625 1289
625 2722
2882 2900
2882 2932
1999 767
1999 1914
1999 3381
1999 2803
1999 2670
4787 4976
4787 3054
4787 2174
4787 1664
4787 4007
3992 4507
3992 224
666 4671
3158 2689
3158 4467
1175 2099
1175 2913
1175 4151
467 4195
467 4008
4336 1877
4336 1085
4336 4623
4336 332
4547 1203
4547 2637
2463 4213
2463 4997
2463 4125
1929 2614
1929 2546
1915 602
1915 3537
1915 319
1915 2554
2238 4577
2238 2406
1581 446
1581 4319
1581 3247
3492 3443
3492 1262
3492 4928
1184 2813
2531 4017
2531 2651
2531 2849
4687 2278
4687 4546
3423 2369
3423 2314
3638 3906
3638 4333
3493 1974
3493 3940
3493 4702
3493 3827
2601 3567
2601 4631
2601 4279
1575 3321
1575 87
1575 2134
1575 4238
1575 21
483 84
483 3318
483 4542
2271 1618
2271 4403
2271 4844
1846 1095
1846 4092
2454 2011
2454 66
3359 2452
3359 1899
3359 581
618 1228
3808 4866
3808 1386
3808 191
3808 1464
4379 4896
4379 2919
4379 774
74 1936
74 4169
2654 4479
2525 4971
2525 960
1507 967
1507 257
1507 965
4275 2367
4275 1585
342 4763
342 2536
342 2006
2429 1459
2429 3481
2429 4134
113 3279
3391 3486
3391 3817
3391 2747
3931 4052
3931 3254
3931 376
3931 4093
597 3305
597 1690
597 3810
856 1363
856 1545
3396 832
3396 1669
3396 584
3396 1197
3282 4563
3282 4591
4021 1383
4021 2881
2886 4347
2886 3377
2886 3794
1191 2632
1191 1737
418 4875
418 3333
4985 817
4108 1270
4108 3452
4108 888
4108 264
4108 1343
1992 3681
1143 4699
1143 4848
1143 2059
844 3960
4380 1694
4380 1312
4380 3290
4607 2797
4607 212
4607 86
228 443
4089 4539
4089 2924
4089 327
1632 2425
1632 2392
1632 4127
1632 501
378 4881
378 1475
378 892
1212 1097
64 3896
2618 1945
2618 3196
3996 4313
637 2270
4789 4760
4789 4964
4789 2656
1851 2323
4496 60
4496 4282
4456 4067
4456 3353
4456 2370
2036 4375
2911 4314
2911 4086
2911 930
2911 962
2911 4672
634 1326
634 2203
634 3990
634 2541
1222 305
1222 3200
4423 132
4423 541
4423 3719
4423 236
3205 2054
430 2070
430 2307
430 4492
929 1913
929 1951
929 1089
929 1666
500 3776
500 4790
500 2763
2353 4700
4338 3605
2632 1688
2632 3401
2362 2647
2362 1609
1602 321
1602 1424
1758 2093
339 1969
339 3503
339 4184
339 4520
3925 4746
2553 3364
2553 3556
890 273
957 511
957 1940
1445 2684
1445 4658
1445 727
2294 390
2294 2643
2294 4992
2294 633
2294 3862
2294 3511
790 4342
790 1216
790 4967
790 2556
1715 4444
1715 1072
1715 4833
1715 3277
2278 4546
970 286
970 1941
970 3674
4877 1965
4576 4934
4576 4468
4576 3348
4576 2438
4576 4587
3393 1412
3393 1625
908 416
908 4068
908 3612
61 4767
61 251
3007 4071
3007 17
2167 90
2167 4859
2167 4327
338 237
338 2574
338 2770
338 4613
338 4415
561 598
561 3231
2232 626
2232 996
2232 2380
33 2455
33 709
392 1449
3620 1751
3620 1495
3620 3306
3620 373
3620 3100
1223 2250
1223 477
1223 2413
1223 3030
2731 76
286 3674
1028 3905
2083 2007
1092 3374
1092 4616
2400 2803
429 2662
3153 3652
3153 2728
4843 3298
1236 3547
1236 3380
2544 2385
2544 2823
2544 4482
2192 923
4285 4756
1334 2748
1334 581
2381 2576
4763 3329
4763 2006
283 2451
283 2952
283 3356
283 878
4449 2123
4449 1180
4449 4401
3174 1782
3174 4255
3174 2055
3174 4780
1975 1288
1975 2154
1975 4054
1444 105
1444 1530
1444 3221
3597 3766
3597 240
3390 1179
3390 225
1691 4956
1691 2434
1270 3452
1270 4575
1082 4628
1082 3499
4936 225
2683 1587
1827 3413
1827 1920
4640 688
1096 2608
915 1459
915 4892
915 3481
4264 2451
4264 2530
490 2620
490 738
490 2533
490 564
490 4503
1594 2516
1594 1988
1594 2922
3538 4741
3538 882
1806 1121
1806 1925
4643 12
4643 2987
4643 172
4643 1431
2614 239
4138 2823
4138 3621
4333 2060
4753 2818
4753 2246
4753 4147
4962 2061
4962 2082
4962 1928
4962 2300
4962 3814
4155 2666
2417 3972
2900 2932
1253 1241
1253 140
1253 3545
1710 2522
115 3176
115 4990
681 3303
681 2207
681 3837
681 4987
681 1646
681 4617
681 4731
2112 674
2112 804
2024 894
3606 164
3606 1639
3606 640
880 1749
880 2835
3856 654
3856 308
1186 4915
3044 4774
3044 730
3044 272
1326 2224
1326 3990
3894 2029
3894 3943
2182 1120
2182 1672
2182 2057
2030 1595
476 3546
476 578
476 1276
476 4573
2587 3047
2587 4823
1044 897
1044 1930
1044 4483
3578 4524
4540 3292
4540 1404
4540 2805
503 3204
503 582
2095 2726
2095 1094
2095 1919
2095 2960
3845 3058
1412 4793
1412 1625
2745 4737
1651 1170
1651 4916
97 1845
97 3654
1340 1707
1562 2109
1562 3700
3216 1523
3216 886
129 3669
129 4995
4123 222
715 5
715 2785
715 2395
1249 2222
1249 532
4793 889
1911 3378
1911 2364
2676 275
2676 2953
4754 34
1349 518
3833 432
3833 165
2123 1692
2692 3900
2692 624
2692 27
4615 1071
3690 3980
3690 3132
3690 950
752 2235
752 2515
752 4875
4983 2416
4983 2668
4983 1138
4983 3564
3303 4740
3303 4617
3836 2312
3836 4274
3836 49
3836 1152
2624 906
2624 4771
2624 111
2708 2025
2708 2543
2708 3957
2708 1205
2708 1811
2708 759
2047 716
2047 4625
2047 4227
31 4912
1644 2204
1644 41
230 2460
230 4346
1 2404
1 2966
1376 2672
4 2220
579 4861
579 3672
579 2592
2980 1990
2980 1108
2561 3965
2561 807
2561 4250
4861 3672
2567 3094
2567 1147
2567 2372
3430 4620
4760 4964
4760 1324
719 3813
719 2500
3977 410
3977 3724
3977 3392
3977 473
3977 2628
1263 3126
3141 397
3141 158
3141 3347
675 4001
4701 1332
4701 2189
3305 1690
3305 3810
2693 1387
2693 4233
3486 3817
3970 470
3970 3419
3970 564
4769 4653
3743 763
4460 863
4460 4774
4460 730
4460 272
1245 4191
1245 641
492 3626
1864 3766
1864 240
2011 4037
451 867
451 4245
14 1549
1812 1039
1812 4389
1812 2383
1812 4889
3776 4790
3776 2763
4815 4999
1416 4943
1416 2657
830 3070
4368 4688
1209 568
3918 1981
3918 2189
1298 2348
1298 549
3336 3228
3913 2631
2079 4398
3074 358
2527 4193
1895 3585
1895 565
1895 1038
1895 1790
1895 518
562 3656
3548 740
416 4068
416 1520
4018 4852
4018 589
436 1432
436 3138
436 3767
436 3414
4735 912
2620 2533
2620 276
2620 4353
2620 4503
2620 4409
4775 3454
4775 4982
1000 2537
1000 2185
1000 4043
1000 3471
4741 3357
1618 3454
1903 3983
4170 349
4170 3283
4170 3835
4390 4650
4390 1173
716 4277
716 4625
716 4971
870 3908
870 1841
870 1446
870 1620
862 3867
862 2371
862 1006
2582 4755
2582 3708
895 3506
895 2237
895 1762
190 1600
190 4692
1120 1886
4868 1231
3692 550
4348 2070
1630 1489
118 3339
4342 1216
4342 4967
4342 1486
4342 4208
71 2415
71 1518
71 2084
1207 2397
3053 4721
3053 818
315 4062
315 1401
315 638
2540 177
2540 4171
2540 794
2025 2543
2025 1205
2025 1811
3388 1592
3388 3649
2256 1645
2256 4265
2250 2413
2250 4216
3926 4345
4142 4501
4142 4312
4142 385
4142 2074
3112 2322
3112 707
2585 864
2585 457
2585 3076
2787 4538
2787 850
912 1037
2222 532
2222 2914
651 642
651 2148
325 1674
325 1363
325 1545
2214 3060
2214 4805
2214 3297
2214 3877
1943 4939
2354 4993
2509 4224
2509 3686
2288 1854
2684 153
2684 4658
2684 727
3702 4391
3702 628
3702 1589
3702 3999
903 3327
903 4637
710 2196
710 571
710 1089
1823 1793
1177 266
1544 800
4924 3252
4924 4729
4924 4309
4122 1248
2789 1299
2789 298
2229 3753
2229 4038
4866 2462
4866 2817
4048 4362
4048 3816
4048 3220
4048 1248
1352 4711
1352 1997
147 4428
147 3441
1235 294
1012 2621
2093 2609
1372 4779
1372 4655
2565 1860
295 4250
4501 4312
4501 927
2387 66
4388 2868
4388 4788
4388 744
2508 2404
2508 2966
1075 3143
3079 349
3079 3835
3643 4455
4897 2106
3120 3192
3120 4854
3525 3997
3525 2216
1765 4491
1570 2837
1400 4173
363 4421
363 202
1611 3187
1611 4218
992 3914
4001 1814
4001 2227
4001 1393
526 3207
526 1004
526 1384
408 3482
408 3040
408 2466
652 336
1690 3810
4011 232
4011 2958
4011 4236
4011 4541
2584 3377
2584 3794
2584 425
2905 2382
1102 3375
1102 106
1102 804
1102 4757
2736 1628
2010 1354
2010 4987
2010 1646
2071 1264
2071 545
2071 1023
2918 2475
644 301
644 4243
2532 3155
2532 2190
2532 3586
4645 2521
4645 3110
4645 3361
1287 290
1287 1842
3936 4935
4076 91
2165 1772
2165 2646
2165 2433
3546 4573
3412 1246
3412 489
3412 3942
3412 2327
1654 4444
1654 3277
1654 4672
1434 90
3114 3188
3114 4597
4254 3710
1612 3581
516 3933
516 122
3408 4513
3408 2694
3217 975
3217 1467
3155 2190
3155 3586
4095 507
975 3768
4799 1019
4799 3081
1423 3750
1423 1573
1423 354
1423 4414
1423 1220
4691 3579
4691 3834
4691 1822
4691 406
779 4748
226 472
168 4622
168 2874
168 4920
1874 3886
1874 3916
1874 2852
1874 3680
3610 2442
3610 4249
235 1422
235 4299
2989 3952
934 1369
934 3002
1350 3830
1350 1187
1877 3588
1877 332
4494 3402
4494 4239
4494 4276
4494 2788
4044 4497
4044 2050
4044 1321
1221 763
1221 3754
1221 3446
1221 2725
3682 1744
2473 2411
2473 2814
4941 2602
4941 2386
4378 3902
4129 1204
2818 3046
2818 2246
2818 4147
2818 1819
1296 3257
1296 4042
2782 4030
2782 4986
2782 3511
60 4282
2516 2922
2409 1547
3949 3371
3949 209
3949 776
3961 3628
4522 1540
4522 4090
4444 1181
4444 1072
4444 3229
4444 2534
4444 4906
1009 2368
1009 3008
1009 1778
1009 2052
3822 3831
4534 2097
4247 3688
4247 178
3720 1225
3720 3106
3720 1534
3720 2721
3720 2653
3892 3861
3561 2832
3561 3568
1839 2242
1839 454
4244 2704
4244 1637
3377 3794
3377 3123
3377 4286
3377 425
1610 3166
1610 1792
2656 1927
2656 404
4408 1065
4408 2210
1299 641
3188 4597
3188 447
2993 4930
3865 1798
3865 1769
3865 2619
3865 4742
3865 4932
3865 1003
3712 4918
1723 749
1723 1242
1723 3512
1723 753
1559 158
1559 3347
660 4105
660 35
660 1218
660 4066
2211 3757
4761 341
1453 3293
1453 3839
704 1533
52 3405
52 67
2590 3988
2590 799
394 210
394 919
2150 207
2150 1385
2150 875
3664 2796
3664 3289
3664 4608
3664 4272
3664 773
3787 3267
3787 386
1729 900
1729 3860
1729 4261
4953 1850
4953 589
1357 572
4773 1152
4105 4053
4105 1218
3369 1649
3369 4856
3369 1613
3137 1529
3137 1557
3137 3465
3137 1910
3284 1829
3028 872
3028 3728
2215 4192
2215 2866
1607 4369
3794 3123
2488 1717
537 2798
537 1828
537 1113
3292 2805
3292 614
3474 2767
2511 1973
2511 360
2007 103
2007 3994
2007 4081
2007 3774
1685 3967
1181 1072
1181 4314
1181 4906
3138 3414
4019 2810
4019 1149
4019 3326
3049 1031
3049 689
2285 1531
2285 2653
3706 4158
3706 1062
1927 404
4117 2437
4891 4745
4891 3098
1782 2055
1782 4445
2518 4350
2518 2236
4312 385
4312 3269
3914 4819
3914 2677
4628 813
4628 3499
126 728
126 3392
126 2906
3965 4182
2193 4319
3553 2750
3553 2407
3161 4409
755 2545
1216 4967
1216 4208
686 4973
686 2269
686 4150
3954 265
3219 3986
3219 3728
3219 2840
3219 1130
2152 2547
3069 756
3069 4149
410 3724
410 2628
4332 3881
2442 4249
2442 38
3596 2978
3596 4929
3596 3005
3596 1494
3872 4571
2200 958
4518 3791
4518 1583
3520 475
3820 2917
3820 53
3466 1320
1998 493
2575 3438
1783 3012
2147 4624
2147 3953
1529 1910
1672 4752
3487 4341
3487 3276
2324 4623
2324 3588
2324 332
2462 2817
3790 137
1178 4087
1178 4783
1178 4307
4005 3751
4005 4830
4005 1614
4005 3422
3662 1318
3662 2791
3662 412
3935 1836
3935 949
3935 1285
3935 1215
917 2758
917 2490
3823 1241
3823 4100
2664 2058
2664 2355
3374 4616
3374 4888
4166 2198
458 200
458 1051
87 2134
87 569
2376 4052
2376 3254
4622 2874
4622 2254
4622 4920
3452 2101
3452 4575
3452 264
2832 3568
4543 4938
4543 2206
391 1813
391 252
285 3413
4317 1208
4317 1891
4317 643
3852 2738
4215 2177
4215 2351
3989 502
2264 4008
2915 4435
2451 4510
2451 878
2262 2196
2262 571
2262 1719
2262 58
2262 1666
749 1242
749 3512
2061 2082
2061 1928
2917 53
1624 596
2367 1585
2367 971
1543 4743
1543 552
1543 2472
3495 837
3495 159
3495 93
2991 3600
3489 2648
1348 4713
1348 4567
1348 2439
4570 2432
4570 3211
4570 309
497 445
497 693
3245 4029
4213 4506
2019 2836
4790 2763
4230 2807
4230 3448
4258 2987
3755 4908
183 1757
3186 4544
3186 3615
3186 4386
281 2243
980 1769
262 3735
4694 1556
3641 3168
632 2505
632 4454
1698 1660
1698 4066
602 1514
602 1395
4420 1881
4420 2595
4420 2286
2373 1699
2373 3373
3853 1262
3274 1629
3274 3679
1886 3991
1886 3115
1886 2057
2089 4674
2089 619
2089 3501
4405 2638
2548 1684
819 3237
819 2183
656 3038
656 334
656 4028
1208 2292
1208 3863
1208 1513
1208 2260
3542 3073
2242 454
3469 2519
1954 2895
1745 1293
1422 4487
1422 4299
2602 30
2602 3594
834 2675
4407 4212
12 3251
1984 2230
62 4781
62 1265
62 3684
54 884
54 1149
3780 3276
1151 3231
3329 2006
1377 1572
1377 4009
1310 3456
1246 4798
3634 572
3634 2431
3634 233
82 1718
3404 2605
3404 3693
3404 2586
4976 3418
1072 4314
1072 4906
39 966
2296 4903
2296 3056
967 257
1317 316
1317 544
293 2771
293 3063
3444 1850
1688 3401
112 2005
742 239
223 933
223 2861
3976 570
3976 2161
3976 4705
3976 4032
668 3341
217 1123
217 4768
2652 3508
2652 2908
2652 172
2652 1431
4497 2050
4497 4839
4497 1321
4497 876
2796 4272
2796 773
4770 2341
1989 4925
1584 2058
3236 598
3236 2904
3236 3144
4829 2120
789 4183
4696 2179
2114 2023
606 1979
3331 1712
3331 3793
3331 4969
3331 529
3331 2990
1593 4424
1593 2305
1593 604
1593 1964
4052 4356
4052 3973
291 4674
291 619
291 1020
291 999
4085 3288
4085 659
3765 3335
4060 3775
4060 3691
4862 4586
4862 1005
4862 267
4862 1577
4862 2523
763 616
1551 4784
796 2405
4249 38
4249 769
1417 4952
1417 4910
1417 4082
1417 1079
1417 1681
1924 722
1924 3300
4199 2457
3998 4671
3998 4837
4917 164
4917 1639
3159 4160
4679 3932
2726 1226
2726 1919
3585 1038
3585 488
3695 4836
3442 2893
3442 10
3900 2199
3180 3023
4914 3150
2443 3648
2720 1900
4391 3797
4391 314
4391 1589
446 4319
446 3247
1045 4655
4017 2651
4017 133
4017 2849
4369 861
4369 361
4796 1720
4796 2414
4796 4033
4796 2081
3500 220
3500 1058
3500 2042
3449 1781
3449 2781
3449 1308
3449 1673
3449 3019
3579 1822
3579 406
3402 4276
1388 1907
1388 151
302 1450
937 4109
1976 4489
1976 1483
1331 4580
193 1702
3111 3052
3111 1067
4144 4490
4144 1159
4144 3195
4144 4571
1973 360
1973 2209
1973 1509
253 989
253 948
18 1879
18 4473
2945 4878
864 207
864 1385
864 1732
900 3860
958 1741
2758 2490
1831 2321
1831 2746
1831 525
3799 3819
3799 2729
4515 3916
4515 1188
4637 4528
3614 296
3614 11
3068 2405
4945 2184
2312 4274
4308 3258
4308 2887
889 3129
1845 3654
1845 3921
2613 358
2613 1408
647 3677
2334 588
2334 1887
2334 1479
2334 1126
2204 41
4887 2959
3740 3435
2600 981
2416 3551
2416 3067
1059 2951
1059 1470
1059 2986
2543 1205
2543 1303
2864 4114
2650 4437
2650 4056
2650 3400
2650 4156
4586 1005
1627 896
4951 4592
4951 2930
3315 4661
4432 3635
2102 4981
1556 2259
1556 249
973 161
973 245
1278 2090
3136 1897
84 3318
84 3685
84 1596
1885 1923
417 1034
375 13
375 1799
3874 2168
3874 577
3874 4337
4961 555
4961 355
1065 2210
312 4681
312 1912
312 1267
3795 4358
2017 3025
748 983
748 2108
600 3592
2050 4839
2050 1321
2050 876
2690 3734
3286 663
4417 2824
4417 574
232 721
232 1083
232 3323
232 4131
232 762
232 4541
3729 2962
3729 1081
4424 2305
4424 396
4424 604
4424 1964
805 170
805 3368
2289 3583
2127 714
2127 4165
2127 3239
2127 3470
2127 3259
4486 3218
464 3869
3125 1230
3125 4045
3125 695
3125 86
4848 2059
3222 96
3532 2883
3532 788
896 3399
2077 1391
1238 3273
778 1095
778 4092
778 3924
3291 3990
1351 3748
1351 3354
630 1001
4633 145
4633 3653
4633 4462
2573 1700
738 3739
4267 3273
1500 1947
1500 3482
1500 2466
701 3164
1264 545
1264 2090
3384 855
1202 1787
907 275
907 435
907 3535
498 3095
1897 4281
390 1073
390 4992
390 4986
4091 4427
4091 4349
2636 216
2636 108
2636 1571
1341 2786
1230 212
1230 4045
1230 695
1230 86
1230 3490
998 4382
4191 3937
2651 133
2651 2849
2207 3837
1160 2116
884 1149
170 3368
1530 3221
2759 3882
4396 2344
1404 2805
1404 614
4403 2217
3813 2500
3078 2453
92 989
92 948
2135 897
2135 2445
4376 1528
2427 2119
2427 3873
4517 739
4517 2834
197 942
197 211
197 4559
3727 1492
3956 2563
3956 3208
2871 3352
2634 4557
2634 1807
2043 3172
2051 4116
2051 4680
2051 679
2051 1240
694 1855
694 2015
694 4252
2358 4410
2099 2913
2099 4151
35 2829
35 4066
2695 1935
989 948
2521 3361
793 2031
4099 555
4099 355
4758 1325
4758 2088
4709 258
667 2577
667 2862
256 1052
256 4684
1515 945
1515 2821
1515 3572
99 4229
99 986
608 2365
2769 2757
2769 104
2769 621
2769 3210
897 2445
897 1908
1258 3583
1258 803
145 1013
145 3653
145 4462
153 4658
810 2844
4277 4625
4277 4971
4339 4565
2691 229
1788 4673
121 131
121 1991
121 1132
2457 3084
3980 950
671 995
671 1860
671 4984
671 669
4940 4031
4940 4176
4940 963
2962 3818
4755 3708
4755 4478
3083 2846
3083 857
3083 2503
770 1201
3010 4163
3010 3431
3459 422
3459 4989
4592 2930
57 3421
4202 2187
4202 2220
2643 611
2643 661
2643 3862
2537 2382
4290 984
4290 2855
3418 928
1099 4627
1099 1054
1947 2466
4440 4077
4440 873
4440 2216
750 1801
2208 4635
4544 3615
2413 4216
4681 1506
4681 1912
3985 1586
3985 512
3985 4651
4103 854
1751 2808
1751 3306
1751 373
1751 3100
3551 2668
3551 3067
4814 1904
4814 717
854 3071
854 1572
854 4009
2159 2722
1013 181
1013 2110
4210 2698
275 4475
275 576
995 1860
995 4984
995 669
558 3100
4683 4855
4683 4749
1241 4100
1241 140
4967 4208
3478 4270
257 965
3235 2642
3235 2627
2360 1917
506 4287
506 2710
3263 1894
1487 4800
4623 3588
4623 332
1039 2383
3508 2908
3508 172
3508 150
994 588
994 1887
994 1479
415 3128
415 2926
3237 4728
3237 2183
628 314
3997 1272
3362 4363
3362 1004
3362 1384
996 2514
996 1358
996 2380
593 4720
3947 3215
2460 4346
3275 1301
3275 1140
3275 2571
3244 4266
1225 1534
1225 4720
2927 466
4154 2414
4154 4759
2535 3293
4221 3119
4221 157
4221 1189
4221 4443
3523 1420
3523 3249
1740 137
1740 40
3927 1392
3927 4797
3927 4853
2020 1677
2020 2514
2020 1358
2020 2380
785 4898
4556 380
4556 2332
3021 2825
3021 1161
360 1509
455 4631
455 4279
4031 3847
3654 1985
3654 3921
3464 1805
1720 4810
1720 1300
2455 709
4869 387
1156 1469
4599 246
735 1441
3736 3121
2712 2725
3439 1489
3439 1139
3041 4807
2065 1847
2065 1041
1956 2253
484 1128
484 1641
1881 3004
1881 3540
4674 619
3031 2807
3991 3115
3991 868
3991 3108
2322 707
2115 4982
2115 3296
910 1158
1815 326
1288 2154
3289 4608
3289 4272
3289 773
4876 200
4876 1051
3946 169
2456 612
2456 2335
3367 3054
3367 1664
1781 4012
1781 1308
351 2505
489 2327
4557 1807
3106 2653
4711 1997
3559 3
3559 4854
1814 2227
1814 1393
4561 1721
4561 935
4561 4217
4561 2870
3960 367
3960 1394
1121 1925
1121 2942
103 4081
1665 411
1665 2320
1665 3133
1855 4273
941 849
1858 2545
1967 942
1962 4411
1962 2297
1962 4461
3994 2538
3994 3774
4832 1386
3318 1596
3988 73
3254 376
1755 4548
1755 4870
1755 2925
4652 1480
4652 2377
4695 4816
3750 1389
3750 4414
3750 539
2952 3356
2612 2580
323 2156
323 1835
2004 42
2633 3704
4289 3645
4289 4081
1387 836
1387 304
4318 4852
4194 4077
4194 873
4194 2216
3957 1811
3957 586
3957 4015
4792 1115
546 839
546 4280
3482 2466
1098 1224
4772 1810
4810 4033
4810 1300
3851 4106
3851 4435
3851 3039
3624 767
3624 2309
3624 2080
3624 3381
2246 1819
132 541
132 3719
132 236
2244 3302
3829 1800
3829 250
3829 1784
3751 1614
3751 1608
977 2919
977 303
977 2014
1913 514
2773 2854
2773 3637
2773 2191
290 231
290 1842
290 1415
4490 1159
4490 4571
4183 4617
4183 4731
4688 2510
4688 4466
4073 4751
4073 3142
3110 1466
3619 868
3619 4399
3280 13
4977 3791
4977 1583
721 1083
721 2958
721 3323
721 4131
721 4236
721 762
767 2309
767 1914
767 3381
767 2670
3033 2749
3033 1538
3033 456
3033 101
2956 1694
2956 1555
2956 2092
2956 1312
2956 3290
2631 4903
2631 3056
1088 4923
3959 3541
2100 4505
2100 2940
2896 4069
194 3623
194 3621
194 3849
3119 3632
1107 3357
1031 689
4820 1770
1353 4509
1353 2126
1353 4041
1353 3334
1353 2507
278 2169
4671 4488
4671 4837
3583 803
1836 949
1836 1285
2070 2307
2070 2272
3319 2971
2166 400
4411 2297
4411 4461
4411 3566
2829 4066
2816 1666
1813 252
1813 2877
4393 1103
4393 102
945 3828
4851 3789
344 1124
4286 425
648 4937
648 3920
648 1550
2526 254
2526 2674
623 175
623 1383
623 1945
865 4905
2224 1036
1677 1358
1112 3555
1760 4846
1760 3771
1534 4720
377 4051
377 4636
3171 4756
3171 2920
1857 1297
1857 4325
1857 1090
3086 913
3086 2931
1979 1970
3819 2729
1301 2571
839 4280
570 4032
297 3181
2558 1790
2558 784
4488 4837
2890 4459
2890 2730
2890 4642
2890 4395
4952 4082
1674 1363
411 2320
411 2441
411 2008
1019 3081
1019 517
1019 3266
1095 4092
1095 3924
1490 337
468 4938
3371 209
2748 581
3550 444
1898 874
4314 4906
4100 140
1396 4024
1396 284
3848 1820
29 4729
29 4309
2919 303
4049 4973
4465 138
2411 2814
1456 2263
3870 622
4231 2163
4231 676
4231 2700
4231 4334
4231 2772
358 1408
296 11
2414 4759
799 1960
3103 3268
2921 3223
4708 886
801 3433
2319 782
2319 2501
3498 538
1948 1978
1948 2524
1948 3458
1131 2951
1131 3747
1131 1470
2185 4043
2185 3471
4702 3827
4702 3242
181 2110
4507 224
407 1650
407 2225
3139 3421
3139 1613
1801 3771
3020 1256
3020 550
465 2151
465 1217
465 4178
2874 2254
887 2141
887 4047
887 1043
1617 1034
4356 3973
3417 2171
2161 2437
5 2785
2141 1035
2141 3809
2141 3197
38 769
3884 4331
4025 3048
4294 1197
4705 3598
1552 1142
1552 2619
4322 4644
4224 4583
4564 1074
4564 3618
4564 2800
1524 422
3256 1600
3256 4692
200 1051
2109 2111
816 3255
816 1158
2292 822
2292 3863
2292 1891
2292 2260
2297 3566
4305 4034
2595 2286
21 3950
1325 1726
1325 2088
928 2390
928 2174
1047 2415
1047 2084
175 1383
175 1945
2647 1861
2647 1609
1480 2377
164 1639
1370 4706
131 1991
131 1132
841 380
835 2903
835 187
1791 3509
4839 876
80 4311
2421 2912
947 777
947 2616
4934 964
1978 2524
1978 3458
1985 3921
4422 2970
4422 3514
3782 480
1018 3462
851 4062
851 638
3446 2725
384 2027
1764 3609
1764 2283
1764 1508
462 4594
1142 3864
2425 2392
2063 3885
4459 4642
2913 4151
1649 3355
1671 3666
1671 426
1671 2273
1671 2793
1205 759
1205 1303
3671 547
3671 4527
3671 3832
1892 2839
2781 4791
2781 4012
2781 248
2781 4849
2640 1014
1925 2942
367 1394
1848 1697
4468 3348
2964 1730
2964 3792
2964 4874
368 162
4855 4749
1069 4904
4174 3625
4237 852
4237 3165
2218 4662
3688 178
2994 775
4858 1375
4858 2574
1375 2287
1375 4415
3722 3146
434 3050
260 2697
260 3258
260 1953
2305 396
1275 4492
3609 2283
3609 1508
3846 2005
2316 2158
2316 2835
321 1424
321 1773
179 4593
2156 1835
547 3479
547 3832
4648 1166
4648 238
4648 1342
4648 1565
3753 4038
167 496
167 1775
4026 1921
4026 2483
2752 143
2752 343
1103 2734
1103 37
1159 4571
4062 1401
4062 1837
4062 638
4805 3451
4805 3297
4805 3272
2533 276
2533 4353
1166 1342
942 4559
3134 682
2977 1852
3477 683
3477 4157
4035 1371
1566 530
3993 4110
2910 4084
885 2368
885 3008
885 1778
3132 3697
4239 883
3708 4478
822 3863
822 1891
822 1513
822 2260
1938 205
1938 2468
1938 4436
1938 2356
2701 3261
2701 971
201 976
1875 951
1875 961
1875 4113
954 1652
954 4902
4791 4012
4791 248
4791 4849
4548 4870
4548 2925
913 2931
2041 3895
2390 2174
2022 2880
2022 1631
3195 1752
4200 1448
4200 428
276 4353
3278 4357
4487 4299
4487 1955
89 1261
1588 3756
733 3151
1893 833
3287 724
4053 1218
1232 3485
1232 2626
1232 4777
6 2717
6 620
4284 2604
4725 2311
2481 1561
1510 1699
1083 4131
1165 1777
2146 3294
2146 1598
714 4165
714 1173
4033 1300
2418 3659
2418 2132
2418 2155
4996 3666
4063 1981
4161 1959
741 1167
741 846
1402 134
867 4245
3320 944
1097 1286
250 1784
2286 3540
2286 184
4365 2108
3622 3645
1794 2776
1794 381
678 307
711 765
711 2270
711 2280
711 2768
2144 1964
2265 828
2265 676
2265 2939
685 2912
3631 4295
3631 510
935 4217
935 2870
861 361
2797 3177
2797 4179
532 3131
1247 306
2268 4713
242 918
242 2175
1797 2447
1797 3575
2287 3854
590 3684
4421 1542
4421 4598
3385 362
3385 926
3413 1920
3037 2860
1526 1058
1526 4611
1526 2042
4427 4349
1949 4010
2045 4899
2045 905
4816 2965
1774 1498
2603 350
2603 3842
2235 2515
2235 4875
1292 1149
4729 4309
3580 317
1554 2794
1554 4050
4116 4680
4116 4241
3659 786
3659 2178
4296 892
3807 142
3807 1471
3807 2937
4175 2982
4175 4883
3089 635
3387 4958
3387 920
2908 172
1969 3503
1969 4184
1969 607
4078 1977
2514 3092
1330 1694
1330 2092
2308 2119
2308 4723
2032 2049
374 3570
3435 3460
2420 4764
4055 1518
2845 397
2845 3552
1541 1442
1541 4922
2798 1828
2798 1113
4043 3471
485 1055
765 2280
572 2431
572 233
2202 3043
2202 4894
3749 3613
3788 3838
552 2472
4102 3752
4102 4624
4102 3953
2689 4467
1738 2001
2002 1364
2002 3999
1354 1646
1460 322
2739 3322
4625 4971
2431 233
4846 3771
3267 386
1694 1555
3738 911
2907 4550
1448 428
2854 3637
3786 849
2617 1458
4508 2611
2562 152
2562 1027
683 3436
683 4157
545 2090
365 4549
1656 3903
4558 4150
4714 2764
4545 2776
3379 2382
3115 868
4058 658
305 4803
305 3200
1629 3679
2951 3747
2951 2848
4525 4418
2276 2291
273 1200
2320 2441
2524 3458
4068 1520
3863 1513
3863 2260
241 2433
906 4771
3503 4184
3503 607
120 3140
120 521
1657 3784
1657 2133
2164 4516
1676 2117
2878 1084
2878 2037
2436 471
1049 3309
1049 3057
3687 879
1433 2388
4165 1844
684 1993
2625 328
2625 1344
284 155
3107 3113
1406 2107
1406 1680
4351 2153
4803 3200
3485 2626
3055 36
1772 3975
2969 4745
2868 50
2978 4929
2978 1494
1401 638
2515 4875
2415 2084
4012 3019
4012 4849
1757 3211
1757 309
1709 2937
538 4222
538 1771
372 4502
4320 2998
837 159
3113 2434
619 2026
619 1983
612 2335
612 3494
4929 1494
2307 2272
871 3923
871 2205
2270 2389
2339 1647
1383 1945
1670 4242
2368 1778
1239 1068
4087 4307
4654 2981
2352 2497
2352 3763
4608 773
2499 3233
728 3392
728 2906
836 304
1904 717
1073 4992
4163 3431
4509 2126
4509 3334
536 4922
1030 255
106 804
2703 4911
2703 379
461 2064
4707 2379
1914 3381
4535 1041
4002 144
1887 1479
3047 3189
3517 4126
3517 3382
3517 2936
1074 2800
3812 852
2750 1789
2750 2407
26 3981
26 2402
2517 4164
2371 1006
1511 943
457 875
2805 614
4363 3207
4363 1761
4363 1384
1532 4439
1968 4346
4389 4889
1382 3655
3026 3747
3026 1470
3026 2986
1389 4414
4003 2928
2477 1198
4736 202
1537 3950
983 2108
328 1344
212 4045
212 695
212 86
212 3490
4406 4104
2321 2478
2321 663
2119 4723
2273 2793
1643 2876
1196 3061
2177 4132
3162 1727
4639 553
1483 956
4133 4136
4222 1771
2495 2395
3064 3310
3667 176
4045 695
4045 86
4899 905
4899 2688
771 4050
2831 2228
3767 1961
2970 3514
1873 633
4779 2423
699 2541
2791 412
1896 1553
1896 1868
795 4627
1056 219
1056 1078
3179 2812
2504 3584
2504 2424
1996 3603
3501 3505
3501 4470
2300 3814
1936 4169
2228 554
2126 4301
2158 2835
2823 3849
2483 3975
4124 3000
4124 3232
1335 1922
1335 123
730 272
4287 2710
3841 866
3841 1185
2105 969
4056 3400
4056 4156
3128 2926
385 927
4649 219
1750 4918
3728 3032
4126 2936
4819 2677
706 4172
1832 383
1832 774
1832 2014
2808 3306
152 1027
195 2588
4271 3922
1863 2186
2858 4781
3258 1953
3565 4324
354 1220
1327 4598
4169 9
813 3499
2958 3323
2958 762
163 662
163 2784
163 1024
3000 79
3000 1909
4935 2879
531 4850
555 355
828 676
828 2700
828 2772
3595 1306
3595 731
877 991
3297 3272
1811 586
2762 3709
2888 1842
1696 1281
1696 2971
4742 4678
4742 4932
4742 4484
2723 2226
2221 736
1990 1108
4453 2258
4453 110
1130 3032
1926 985
4581 1987
4581 2836
4728 2934
4728 2183
3209 46
460 754
460 4325
1497 3521
4295 3839
478 4364
2717 620
3207 1004
3207 1384
3793 529
2926 1125
4626 4908
4788 744
1841 1620
1841 2137
3445 2212
4135 646
4135 1368
4740 3198
4892 3481
2889 4435
3348 2438
1520 3612
4560 1048
2863 1051
1385 1732
107 1135
695 86
1963 3313
3229 2534
2044 4372
4288 2846
4288 857
3933 122
1933 4438
3916 1633
1655 1521
764 1226
4485 2028
2592 2594
4611 2042
3309 3057
3567 2853
2080 1986
3312 1737
933 2861
1381 2046
682 4211
4341 2068
4341 4436
4077 1576
261 513
2476 2313
2476 4921
2398 4766
3246 4744
3246 3778
1242 3512
4127 501
4236 4541
4567 2439
69 2484
2151 4178
2941 4785
1878 1333
1878 1477
205 2356
4505 2940
231 1842
231 1415
4965 519
1684 4911
2734 37
1600 4692
1035 3809
1035 4047
3453 218
2313 4921
2313 1090
1256 550
2770 4613
4563 4591
2170 1653
2170 2551
4354 566
1154 2944
2846 857
843 4337
3167 2283
1226 1919
4022 3407
213 2766
1100 4204
1100 2809
1100 1499
3234 2596
662 2784
2961 1932
72 4785
3623 3621
3623 4482
866 1185
3094 855
2332 1319
2332 919
2924 2979
1661 3262
2142 109
2187 2220
1521 3270
653 2842
2622 3576
204 136
254 2674
3436 4157
2999 4364
16 1604
1265 2073
1265 3627
3043 4894
1306 731
1189 4443
951 961
951 1328
216 108
216 1571
2780 125
2757 3210
3277 962
3277 4672
4921 1090
2707 4394
4248 1346
4248 2349
4248 1068
1319 919
3239 1662
3239 3259
3239 4426
3621 4482
1170 4916
4364 3737
2821 3572
1118 2704
2774 1687
2572 2475
4510 878
1463 1057
2546 2777
1158 1093
1158 1994
676 2700
676 2939
2015 4252
3038 4028
2892 3175
3346 4093
2627 2280
2627 2301
2577 2862
2333 1716
2140 1392
1919 2960
1987 2836
19 2375
624 27
3522 4371
663 2746
4071 17
2700 2939
2700 2772
1470 2848
267 1577
267 2523
4744 3427
3719 236
1553 1868
2784 1024
143 4521
143 1147
812 3259
4867 111
3809 3197
4958 920
3537 319
3897 4704
2661 2768
329 3669
329 4995
3792 4874
3220 3154
1068 3571
362 926
3502 1866
4780 4445
108 1571
4030 3511
2497 3763
3635 2679
1104 3199
318 1435
1572 4009
3479 3832
2486 639
646 1368
1513 2260
3556 2716
4299 1955
3351 68
3240 1776
1217 4178
4113 3403
395 3861
2939 2772
4188 3032
4982 3296
1251 437
2608 3958
4476 4418
3077 125
1367 4635
2317 879
621 3210
969 3230
883 2788
2719 2326
3003 791
4204 2809
1281 2971
3087 2471
4475 576
1364 3999
3593 2635
79 1909
499 4257
2131 2304
4587 4370
1333 1477
2992 435
4717 3169
