474638895
305080725
945669298
896133103
72670918
80232862
2
157615840
435537169
366268089
595200811
512000628
420715494
688539963
459349468
427736227
824087529
712990290
384314538
209940460
638265960
743240864
601315941
459866648
977330126
269741395
455441703
823522459
991363981
199182755
316996437
544555494
648800565
867726993
657937439
99393648
586590558
589977555
175148307
298935926
794110954
50894436
630377599
1882545
448143345
597871852
539482790
623687709
12723609
80323277
50894436
647616206
841222239
829002136
939088811
704627253
246103398
492304307
452302596
573715174
954705147
436222071
613524059
608503959
510233254
12424206
545207318
599543946
929481727
827932374
83779159
481931520
430529898
963863040
626680490
582626464
929481727
843178455
541011756
135252939
350296614
561165936
481931520
470226948
560648026
16187756
601315941
872444142
48040861
768764084
704627253
841222239
462420039
921526560
794110954
730332196
228803765
250572823
751864167
484333291
