100
4672052 5333652
4302170 6464683
7513914 8071643
2074698 3067526
5001302 5921430
4271899 5732557
1000000 1000000
8960920 8966170
8073936 8078986
7730758 7735753
8677502 8682550
9932885 9938130
9846923 9852209
9668652 9674084
9340453 9346034
9804929 9810355
9312275 9317351
8171417 8176692
8030692 8035688
9621372 9626707
9785845 9791000
8268920 8273885
8153265 8157553
7005187 7009007
9134062 9138780
6147684 6151725
6293298 6296645
9245695 9249296
8779953 8783752
4643416 4646625
7469537 7473771
5872559 5876470
3982290 3985442
4390130 4393587
9149603 9153785
7712774 7717296
8611086 8615445
9679708 9683366
6980860 6984187
5098498 5101846
4523137 4526289
7562230 7566187
4458499 4462142
9353216 9356638
4909925 4912993
6475223 6478645
8056712 8060976
4866294 4869694
6815597 6819467
6240886 6244329
9861866 9866052
5137680 5141051
7262112 7265888
9468506 9472997
7602612 7606627
3271441 3274289
6293170 6296690
9440932 9445609
7017479 7021156
9294023 9298501
7229368 7234198
8979222 8983150
8846860 8850349
5485913 5489632
5518635 5521920
9444833 9449552
8272863 8277548
6082751 6086529
4900519 4903546
9619471 9623888
9265642 9269812
6977489 6980705
6666084 6670259
2816327 2819038
6064149 6067420
7472841 7477001
6630530 6633736
4005876 6492634
6333069 6336986
5749374 5753187
6802636 6805896
6151786 6155967
9977459 9980895
5942419 5946046
3419554 3422736
7250750 7255166
7166804 7171049
9193437 9197434
7520749 7525398
7770060 7773603
3943539 3946495
6451862 6455637
6767612 6770832
2884423 3272596
9641325 9644938
6812646 6815957
2985207 2988027
7633877 7638297
8704542 8708564
7509394 7513454
