304907632
810383560
86593756
900248112
51778416
822691040
391089893
887408774
466858145
756885431
349151411
438782446
667546647
976474750
547914883
378835573
716890761
741981786
630463360
140455073
873699127
597871852
631088137
251114114
492304307
789997404
48040861
181710757
286857587
88888620
363466540
940453896
543661425
794329027
887598265
990087018
401687078
123051699
296988059
596718675
889158441
161442454
943201377
117556737
192191021
280324013
649008163
255116627
210460639
932985673
589977555
298935926
586590558
527863842
207196108
323808103
269741395
780974428
129502048
199182755
363421514
803374156
455441703
525021690
402942103
317630525
455441703
643415489
560648026
162372276
768764084
668020018
743240864
545207318
952960350
322884908
661026228
30120720
817550116
88888620
659759919
184340566
909537137
467985870
854023198
706105270
814666245
915215060
599543946
167008575
641073908
80323277
413966187
349873526
593976118
123051699
557900545
586696330
596743980
655792299
