100
4086877 4326569
2583632 2949093
5028169 8494573
3457222 5215508
3663760 6311033
4307492 7991249
4818699 6599240
5140791 6288948
1460746 2685382
9343329 9348821
8779216 8784207
9564890 9570397
8263228 8268163
8028034 8032948
6931572 6936506
9209303 9214712
7888829 7893806
9931170 9936500
7417560 7422715
7368467 7373554
1857218 1859683
9659931 9663638
9802894 9806928
6040605 6044909
8310852 8315381
4100881 4104107
6863683 6868243
8577066 8580638
9889518 9894052
8923584 8927124
9014633 9018881
9229817 9233738
9243674 9248569
2413657 2416317
9887019 9890863
8431904 8435816
4058423 4061982
8373406 8377118
3506719 3509847
9455357 9554455
9234530 9239183
7446527 7450713
9765052 9768975
7987079 7990914
3352604 3355642
6945198 6948753
5108188 5111848
2831700 2834534
8486773 8491337
6198042 6201753
3190754 3193719
6548920 6552420
7883212 7887574
6777779 6781577
9695785 9699969
4027160 4030363
6221265 6225337
9093422 9097959
8370857 8375382
9821834 9825549
8595733 8599264
4492520 4496131
8746086 8749639
9683405 9687554
8741119 8744604
7449700 7453751
3743298 3746337
5443146 5447296
9293833 9297630
3956762 3959940
6746397 6749856
3379313 3382300
7992747 7997659
7502987 7507602
8265307 8269976
8555796 8560118
7022310 7025802
2843405 2846127
9473815 9478276
8781229 8784765
6274087 6278245
5790707 5795099
8513892 8518362
3895942 3898778
8428127 8432960
8437957 8442207
7905977 7909803
6372483 6375779
6339483 6343264
8305980 8310276
7149543 9775397
5629106 5632506
5359893 5363886
7517170 7521388
3707439 3710613
6709314 6712891
6884148 6887794
3208688 3211518
8496800 8501223
9133677 9137218
