516399723
91321435
216085210
550516521
944619075
400300253
387582931
516399723
49801359
157615840
208223875
857567557
210163710
97585413
688539963
92905108
691839635
839761840
921781285
315231680
677369749
423973567
120482880
613524059
390487214
113075649
316996437
984483609
8093878
723193849
113075649
423973567
649008163
608503959
296988059
462470225
984483609
203577744
896286690
684444382
317712003
12723609
228803765
704627253
854023198
60241440
795149184
822020306
448143345
596743980
350296614
860719101
896286690
942921309
970722865
273700305
452302596
414392216
918496660
356078016
566454286
699747052
313340245
518008192
162372276
745274330
48040861
803374156
298935926
803374156
335116636
601315941
827018326
915215060
88888620
818764268
248175038
123051699
22222155
879933269
645796259
28850762
376617517
910883406
560648026
687744635
407155488
230806096
81186138
117556737
470226948
700593228
161442454
123051699
642586216
117556737
298935926
409382134
448143345
51755681
