100
4173426 6544206
4719328 5508917
1664919 6144744
6751795 8050797
6873379 6910268
4698747 8381182
3222749 9912407
4173426 6544206
1660527 2392731
9025454 9030736
8374690 8379612
8962436 8967538
9105103 9110847
9851981 9857266
9546470 9551925
9131502 9136498
8274186 8279451
9029687 9034983
8365636 8370743
8956206 8961477
6932409 6937505
7311808 7315287
9206415 9209851
5151765 5154887
8854066 8858554
8386096 8389868
9462924 9467360
7937014 7940753
4672791 4676836
7551064 7554400
8679458 8683258
5401243 5404479
8924965 8928963
8191867 8195873
6712269 6715797
5060094 5063678
8060006 8063764
9643956 9648105
4450330 4453314
7158806 7162798
8813553 8818261
6403156 6406985
6567472 6570784
4168856 4171869
8303851 8308703
8575606 8578939
7191670 7196149
8764088 8767541
8796599 8800003
6244769 6248987
3074749 3077546
2438384 2441003
4744457 4747541
9062216 9066008
6863314 6866943
5961327 5965722
9943661 9947615
8282270 8286296
3826701 5714736
2917054 5218952
5356817 8366415
9015738 9020130
3287505 3290448
9696825 9701500
9484301 9488096
8412127 8416669
6322884 6327347
4458955 4462490
8130297 8133879
5790869 5794645
8706229 8710399
5167946 5171919
7998555 8002008
7187983 7191354
3312773 3315737
3278423 3281544
6425411 6429646
9253904 9257715
5978552 5981903
6172973 6176909
3338947 3341797
8550581 8555380
8710396 8714574
8277831 8281410
4499624 4502901
8199054 8203951
5700226 5704004
7664978 7669758
6305095 6308614
9477813 9481762
3966596 3969912
3032689 3035522
9136556 9140951
7596187 7599816
4434692 4437900
3734507 3737794
7423917 7427500
4377793 4381103
8338819 8342221
8213879 8218030
