523130571
973675659
477180959
925997521
799917074
309569731
474410007
315231680
716890761
459623660
51513806
390341652
845577067
963410892
954705147
723762034
673697882
593976118
941421487
192191021
981929683
228803765
35072871
60241440
939088811
81186138
746643931
745274330
970582831
598713554
661026228
776952177
495043509
550934810
409382134
407155488
452302596
935971740
190173370
48040861
539283815
15060360
313340245
943201377
753235034
541011756
704627253
293348165
198787296
912139197
907716530
99393648
36414154
778072449
861059796
3765090
300733855
706105270
204387529
711108960
657978178
88888620
559736734
887598265
586696330
492304307
639284183
182583049
717233212
99393648
642586216
675591366
699747052
896286690
623687709
312204294
70145742
577173250
996524260
204387529
125557057
910883406
51755681
189943749
626680490
730357289
768764084
90866635
547400610
350296614
581750455
203577744
433998539
924105432
80744910
259004096
953890745
414501068
828090896
246103398
