100
3437376 9010673
1263561 5301689
2063984 9639943
2349698 5956109
247455 5435984
3645933 3720669
4412451 6016968
7034601 7039702
9548529 9553704
7747067 7752025
9572111 9577341
7776529 7781570
9970009 9975887
9634327 9639937
8204889 8209783
9174453 9180007
8206347 8211263
5163806 5167140
8870632 8875477
6592205 6595663
8106539 8110432
6819320 6822648
5289959 5294020
5514320 5517424
6022344 6026198
9792850 9796622
7143093 7146831
7949151 7953671
6282772 6286318
7779679 7783227
4742871 4746220
7263771 7267443
4369320 4372769
7055441 7059641
4329494 4332778
7370538 7374488
5998314 6001862
7028218 7031403
8516835 8521565
8921317 8926067
7398670 7402195
5921785 5924935
4369713 4372814
6689112 6692755
7463524 7467656
4513526 4517216
8743849 8747230
3893883 3896873
6966630 6971072
2099950 9194002
6011998 7419837
8800778 8805401
4429260 4433012
6114063 6117684
6853364 6857540
8759017 8762395
5294453 5297862
8772978 8777251
9061525 9065994
5529436 5532724
7401053 7405622
3636189 3639201
5885905 5890393
9929789 9933684
6558885 6562161
7561508 7566007
7637581 7641231
2946942 2949732
8603446 8607323
9910908 9915672
4792666 4795942
6592131 6595472
9314051 9318432
8127482 8130853
5394155 5397680
6997754 7002104
9560344 9564903
5095637 5099724
4695275 4698659
5797770 5801835
6929226 6933652
5146460 5149730
6105886 6109816
8902144 8907050
5654355 5657625
4700993 4704561
9619737 9623492
7106284 7110292
9816927 9821753
7485969 7489337
9130755 9134503
9026407 9030515
8449571 8704390
2855510 4056728
6639453 8389570
9888391 9893098
5624061 5628190
7369490 7373782
9435869 9440119
7989813 7993534
