652302144
125951420
602834832
540404551
187854417
517688868
293237929
781422653
926589458
202371476
731091183
329037087
51884809
907442163
767792895
51632927
768629076
569349713
386539809
710382675
435537169
556575134
595200811
743240864
858910509
459012851
412110448
673697882
349151411
229933324
240965760
145656616
597871852
496350076
50894436
851435803
280324013
60241440
560648026
915215060
123051699
588776328
459623660
590413701
467985870
36414154
795149184
896286690
761622185
177777240
459866648
197499351
384326888
3765090
337795683
943701397
753235034
506334867
299771973
525021690
539063199
162372276
298935926
758831532
909537137
508225715
349873526
670233272
887598265
527863842
824242875
717233212
778072449
818764268
661026228
293348165
907676347
778072449
457607530
80323277
873699127
952349826
924940450
467985870
384326888
559736734
18207077
743454708
229933324
397055477
987155951
827018326
114966662
193113734
293295279
335116636
726843028
842837644
177777240
860719101
