100
4801352 8659966
1636004 4647629
1128306 8475540
3601342 8518208
8541995 9880856
705064 2846073
1371588 8737824
3101316 4510498
41804 5828503
1876249 2540510
505957 3167620
3249217 3676070
3049769 3204335
2181283 4658252
3318217 9411885
8685218 8690674
8483774 8488778
9986702 9992049
9601709 9606926
8985827 8991174
9574131 9579279
8378362 8383388
7589723 7594620
8504427 8509362
8046526 8051955
8003616 8008871
8739225 8744413
8512277 8517296
9228212 9233306
9214552 9218563
8626793 8630204
6335908 6339977
3716389 3719497
8057464 8061884
8929325 8933463
2885463 2888225
6082600 6086113
8850464 8853835
5729440 5732959
3046794 3049637
3657783 3660952
4921026 4924552
7645353 7650297
7455081 7458395
8121608 8124850
7958071 7962298
7421178 7425680
6142542 6145742
5002400 5006173
9176497 9180095
4482839 4486357
6896725 6900215
7255435 7260088
4911610 4914663
8583475 8586956
9757567 9762257
7420291 7424446
7963406 7968239
5719760 5723509
6036852 6040709
7068618 7073207
6853075 6856557
3881186 3884322
7619331 7622952
8240723 8245198
4313692 4317433
6471910 6476030
7074496 7078496
5544986 5548468
9609464 9613493
9318612 9322939
7423310 7427105
8480527 8484316
5377418 5380840
7181706 7185262
7345309 7348681
8939506 8944188
9879698 9883635
4574351 4577433
8677144 8680824
6542967 6546065
9225283 9229278
9676247 9680357
6146226 6149351
9281090 9285928
9743305 9748223
5619532 5623453
8977311 8981999
7684160 7688091
7152585 7156061
8797690 8802236
8725780 8729315
8470098 8474040
8006346 8011052
5740367 5744391
4305182 4308831
6782429 6785846
8794411 8798697
3903199 3906253
4912643 4915698
