531188633
71009384
942669251
399003934
390341652
390341652
488237375
466828003
140455073
768629076
539013799
19701980
349151411
960012819
858910509
911165941
199894823
457607530
88733850
943701397
760693480
390487214
712627976
103625267
300733855
573856158
984413592
663616721
437527130
210460639
823522459
910883406
598713554
421359733
149467963
557900545
459866648
7530180
823522459
709870800
356313988
120482880
794110954
280324013
919733296
976067549
630377599
919733296
240965760
455441703
851435803
588776328
57483331
323808103
805884206
279868367
810966031
413966187
258329306
875054260
590413701
452302596
761622185
452302596
88888620
288975760
552676053
578256108
643415489
328989089
51755681
181710757
543661425
355554480
48040861
321275485
689880646
16743912
167837965
608472861
520726114
402942103
18207077
642550970
613524059
700593228
7530180
398361291
54981553
92637195
444749591
962169908
498509299
828784432
593976118
452302596
280324013
6212103
668020018
113075649
