100
4860511 6357374
5817987 9208201
6219205 9427657
9051816 9826844
9758822 9764082
9679743 9684997
7942558 7947427
9791117 9796314
7244306 7249350
9745718 9750855
7831402 7836384
9901172 9906555
8809128 8814161
9624972 9630190
8652291 8657715
7656873 7661698
9842281 9848214
6772740 6776053
8277831 8282690
6577825 6582147
8363233 8367932
9569439 9573985
8690968 8695802
7872348 7876650
7663119 7666793
9085352 9088967
6176511 6180087
7263451 7267971
8358979 8363051
4791785 4795909
2031388 2034127
5841511 5844876
7712758 7716275
7106308 7110965
7631108 7634716
6254275 6257879
5787694 5791393
4634527 4637518
6262711 6266116
8633029 8637936
9203335 9208199
8141373 8144700
3145917 3148864
9800383 9804263
7435728 7439599
8922407 8926844
4114902 4118486
8138124 8142019
5196603 5199656
9889735 9893411
2749872 2752593
8976306 8980255
9802370 9806412
7887559 7891119
3426303 3429236
8333295 8338069
8600546 8604369
9126573 9130944
7927932 7932327
8300920 8304935
9711210 9714692
5727478 5731021
8959001 8963197
7410751 7414438
7547945 7551415
55263 6067181
5134863 9599985
6382254 9816635
9623868 9628448
7983159 7987760
7406755 7410809
2494619 2497439
7641873 7646567
8752750 8756305
9914734 9919602
6364594 6368725
7201375 8650925
3649593 5335571
139694 4226433
2270691 7516556
883806 3995244
7368302 7371631
7255531 7259708
9411339 9415877
5529727 5532947
5604098 5607289
2315092 2317736
7971870 7976817
3932445 8237586
802156 4682711
4249784 4319242
598691 9467017
5084184 9191347
4194198 4197745
3891547 3894698
3734387 3737637
4222888 4226190
7443756 7448207
7277239 7280599
7299979 7303652
